Frequency (Hz)  Abs
-8.94632E14	-3.03368E-4
-8.93908E14	-4.90678E-4
-8.93184E14	-3.17779E-4
-8.9246E14	-1.76362E-4
-8.91736E14	-2.88116E-4
-8.91012E14	-6.09283E-5
-8.90288E14	-6.19816E-5
-8.89564E14	-3.14526E-4
-8.88839E14	-2.75008E-4
-8.88115E14	-2.26606E-4
-8.87391E14	-5.16056E-5
-8.86667E14	-6.39504E-5
-8.85943E14	-1.79362E-4
-8.85219E14	-2.03448E-4
-8.84495E14	-3.21887E-4
-8.83771E14	-1.85911E-4
-8.83047E14	-5.25137E-5
-8.82322E14	-1.98781E-4
-8.81598E14	-3.31429E-4
-8.80874E14	-2.07587E-4
-8.8015E14	-2.05186E-4
-8.79426E14	-2.76719E-4
-8.78702E14	-2.58369E-4
-8.77978E14	-3.33958E-4
-8.77254E14	-8.83205E-5
-8.76529E14	-5.8773E-5
-8.75805E14	-3.18053E-4
-8.75081E14	-3.37791E-4
-8.74357E14	-2.15454E-4
-8.73633E14	-6.39471E-5
-8.72909E14	-5.65453E-5
-8.72185E14	-3.18694E-4
-8.71461E14	-2.47172E-4
-8.70737E14	-1.65573E-4
-8.70012E14	-2.28521E-4
-8.69288E14	-2.13457E-4
-8.68564E14	-2.99433E-4
-8.6784E14	-1.80247E-4
-8.67116E14	-1.37723E-4
-8.66392E14	-2.64377E-4
-8.65668E14	-2.04575E-4
-8.64944E14	-3.09086E-4
-8.64219E14	-2.66397E-4
-8.63495E14	-2.40671E-4
-8.62771E14	-3.61476E-4
-8.62047E14	-3.75701E-4
-8.61323E14	-2.01324E-4
-8.60599E14	-3.8338E-4
-8.59875E14	-1.06066E-4
-8.59151E14	-3.28173E-4
-8.58427E14	-3.33073E-4
-8.57702E14	-1.15692E-4
-8.56978E14	-3.09374E-4
-8.56254E14	-3.0328E-4
-8.5553E14	-2.84167E-4
-8.54806E14	-6.06792E-5
-8.54082E14	-1.68285E-4
-8.53358E14	-2.33986E-4
-8.52634E14	-5.60936E-5
-8.51909E14	-6.55159E-5
-8.51185E14	-2.78746E-4
-8.50461E14	-3.09103E-4
-8.49737E14	-1.82115E-4
-8.49013E14	-2.99408E-4
-8.48289E14	-5.55486E-5
-8.47565E14	-5.73231E-5
-8.46841E14	-6.14398E-5
-8.46117E14	-5.31692E-5
-8.45392E14	-1.90706E-4
-8.44668E14	-1.92422E-4
-8.43944E14	-2.55718E-4
-8.4322E14	-3.11649E-4
-8.42496E14	-8.14857E-5
-8.41772E14	-2.73451E-4
-8.41048E14	-2.01371E-4
-8.40324E14	-6.64083E-5
-8.39599E14	-7.23149E-5
-8.38875E14	-1.6193E-4
-8.38151E14	-3.929E-4
-8.37427E14	-2.80738E-4
-8.36703E14	-6.00678E-5
-8.35979E14	-6.58967E-5
-8.35255E14	-4.17554E-4
-8.34531E14	-1.50714E-4
-8.33807E14	-2.48898E-4
-8.33082E14	-2.89839E-4
-8.32358E14	-3.30368E-4
-8.31634E14	-2.05961E-4
-8.3091E14	-2.52616E-4
-8.30186E14	-1.64561E-4
-8.29462E14	-1.69695E-4
-8.28738E14	-2.33589E-4
-8.28014E14	-2.48238E-4
-8.27289E14	-2.14837E-4
-8.26565E14	-5.18548E-4
-8.25841E14	-1.73545E-4
-8.25117E14	-3.13697E-4
-8.24393E14	-3.40606E-4
-8.23669E14	-6.3187E-5
-8.22945E14	-2.37438E-4
-8.22221E14	-3.30497E-4
-8.21497E14	-6.19869E-5
-8.20772E14	-7.94642E-5
-8.20048E14	-4.21192E-4
-8.19324E14	-4.00557E-4
-8.186E14	-2.86898E-4
-8.17876E14	-3.47165E-4
-8.17152E14	-2.62629E-4
-8.16428E14	-3.09199E-4
-8.15704E14	-2.13427E-4
-8.1498E14	-1.47278E-4
-8.14255E14	-3.18062E-4
-8.13531E14	-6.24156E-5
-8.12807E14	-3.484E-4
-8.12083E14	-2.72511E-4
-8.11359E14	-1.5197E-4
-8.10635E14	-3.26232E-4
-8.09911E14	-3.27013E-4
-8.09187E14	-2.69205E-4
-8.08462E14	-3.33749E-4
-8.07738E14	-3.41254E-4
-8.07014E14	-3.72457E-4
-8.0629E14	-2.05266E-4
-8.05566E14	-3.68197E-4
-8.04842E14	-3.4539E-4
-8.04118E14	-2.97748E-4
-8.03394E14	-2.35201E-4
-8.0267E14	-2.07404E-4
-8.01945E14	-2.22467E-4
-8.01221E14	-6.14992E-5
-8.00497E14	-2.66661E-4
-7.99773E14	-1.45739E-4
-7.99049E14	-6.3238E-5
-7.98325E14	-5.56337E-5
-7.97601E14	-1.72691E-4
-7.96877E14	-2.34013E-4
-7.96152E14	-6.95936E-5
-7.95428E14	-2.18159E-4
-7.94704E14	-3.39977E-4
-7.9398E14	-3.7595E-4
-7.93256E14	-2.50872E-4
-7.92532E14	-3.69079E-4
-7.91808E14	-2.10605E-4
-7.91084E14	-3.60878E-4
-7.9036E14	-1.86342E-4
-7.89635E14	-2.46385E-4
-7.88911E14	-2.83336E-4
-7.88187E14	-5.73412E-5
-7.87463E14	-2.16822E-4
-7.86739E14	-2.90417E-4
-7.86015E14	-3.3099E-4
-7.85291E14	-3.62594E-4
-7.84567E14	-2.16073E-4
-7.83842E14	-2.2489E-4
-7.83118E14	-3.28091E-4
-7.82394E14	-1.68315E-4
-7.8167E14	-3.59408E-4
-7.80946E14	-2.07344E-4
-7.80222E14	-2.42352E-4
-7.79498E14	-2.41848E-4
-7.78774E14	-2.00671E-4
-7.7805E14	-4.77229E-4
-7.77325E14	-3.37119E-4
-7.76601E14	-3.4926E-4
-7.75877E14	-2.66772E-4
-7.75153E14	-1.87842E-4
-7.74429E14	-3.12609E-4
-7.73705E14	-7.56586E-5
-7.72981E14	-2.60897E-4
-7.72257E14	-2.53842E-4
-7.71532E14	-2.83766E-4
-7.70808E14	-2.92274E-4
-7.70084E14	-3.21427E-4
-7.6936E14	-3.93173E-4
-7.68636E14	-3.60264E-4
-7.67912E14	-2.08759E-4
-7.67188E14	-6.84559E-5
-7.66464E14	-7.36802E-5
-7.6574E14	-9.20525E-5
-7.65015E14	-2.07329E-4
-7.64291E14	-3.13083E-4
-7.63567E14	-2.56551E-4
-7.62843E14	-7.64147E-5
-7.62119E14	-3.68392E-4
-7.61395E14	-2.72148E-4
-7.60671E14	-3.21536E-4
-7.59947E14	-2.17762E-4
-7.59222E14	-2.64928E-4
-7.58498E14	-3.78805E-4
-7.57774E14	-3.50353E-4
-7.5705E14	-9.69472E-5
-7.56326E14	-3.75434E-4
-7.55602E14	-2.61632E-4
-7.54878E14	-2.23547E-4
-7.54154E14	-3.5975E-4
-7.5343E14	-3.79082E-4
-7.52705E14	-2.30431E-4
-7.51981E14	-1.63492E-4
-7.51257E14	-4.09781E-4
-7.50533E14	-3.76081E-4
-7.49809E14	-2.73568E-4
-7.49085E14	-2.8163E-4
-7.48361E14	-2.19026E-4
-7.47637E14	-2.08951E-4
-7.46912E14	-2.75172E-4
-7.46188E14	-3.23216E-4
-7.45464E14	-2.36334E-4
-7.4474E14	-2.31964E-4
-7.44016E14	-2.89765E-4
-7.43292E14	-1.25251E-4
-7.42568E14	-3.82023E-4
-7.41844E14	-2.89414E-4
-7.4112E14	-2.53789E-4
-7.40395E14	-3.71051E-4
-7.39671E14	-3.59103E-4
-7.38947E14	-2.84248E-4
-7.38223E14	-3.20718E-4
-7.37499E14	-2.30358E-4
-7.36775E14	-3.65112E-4
-7.36051E14	-1.14604E-4
-7.35327E14	-2.96376E-4
-7.34602E14	-2.98248E-4
-7.33878E14	-3.02884E-4
-7.33154E14	-2.21379E-4
-7.3243E14	-7.90591E-5
-7.31706E14	-7.67743E-5
-7.30982E14	-3.45979E-4
-7.30258E14	-1.87777E-4
-7.29534E14	-2.59892E-4
-7.2881E14	-3.26014E-4
-7.28085E14	-2.62711E-4
-7.27361E14	-3.80109E-4
-7.26637E14	-4.39535E-4
-7.25913E14	-2.31248E-4
-7.25189E14	-6.24123E-4
-7.24465E14	-3.46873E-4
-7.23741E14	-2.98804E-4
-7.23017E14	-4.34247E-4
-7.22292E14	-3.11844E-4
-7.21568E14	-9.10498E-5
-7.20844E14	-2.12107E-4
-7.2012E14	-2.47688E-4
-7.19396E14	-2.81987E-4
-7.18672E14	-4.15959E-4
-7.17948E14	-2.39074E-4
-7.17224E14	-9.12557E-5
-7.165E14	-1.90406E-4
-7.15775E14	-3.76973E-4
-7.15051E14	-3.06456E-4
-7.14327E14	-1.38917E-4
-7.13603E14	-7.94009E-5
-7.12879E14	-2.48071E-4
-7.12155E14	-3.32445E-4
-7.11431E14	-2.58528E-4
-7.10707E14	-3.0211E-4
-7.09982E14	-3.44556E-4
-7.09258E14	-3.36871E-4
-7.08534E14	-3.34764E-4
-7.0781E14	-3.34565E-4
-7.07086E14	-3.39779E-4
-7.06362E14	-7.95395E-5
-7.05638E14	-1.87906E-4
-7.04914E14	-3.82318E-4
-7.0419E14	-3.50345E-4
-7.03465E14	-9.37422E-5
-7.02741E14	-3.24884E-4
-7.02017E14	-2.82723E-4
-7.01293E14	-3.3039E-4
-7.00569E14	-2.01513E-4
-6.99845E14	-2.74752E-4
-6.99121E14	-2.49526E-4
-6.98397E14	-2.95001E-4
-6.97673E14	-4.26181E-4
-6.96948E14	-2.42441E-4
-6.96224E14	-3.90187E-4
-6.955E14	-2.06303E-4
-6.94776E14	-5.53574E-4
-6.94052E14	-1.32761E-4
-6.93328E14	-3.79715E-4
-6.92604E14	-2.96249E-4
-6.9188E14	-3.30135E-4
-6.91155E14	-2.85275E-4
-6.90431E14	-2.15665E-4
-6.89707E14	-2.54366E-4
-6.88983E14	-3.42366E-4
-6.88259E14	-3.55528E-4
-6.87535E14	-8.22994E-5
-6.86811E14	-7.90218E-5
-6.86087E14	-1.87737E-4
-6.85363E14	-2.54871E-4
-6.84638E14	-2.74992E-4
-6.83914E14	-1.78976E-4
-6.8319E14	-6.91063E-5
-6.82466E14	-8.19475E-5
-6.81742E14	-1.93937E-4
-6.81018E14	-4.08064E-4
-6.80294E14	-3.463E-4
-6.7957E14	-2.47469E-4
-6.78845E14	-3.91409E-4
-6.78121E14	-3.86027E-4
-6.77397E14	-3.91407E-4
-6.76673E14	-4.16052E-4
-6.75949E14	-1.97591E-4
-6.75225E14	-4.51191E-4
-6.74501E14	-3.94946E-4
-6.73777E14	-4.93688E-4
-6.73053E14	-3.00149E-4
-6.72328E14	-3.93672E-4
-6.71604E14	-2.97338E-4
-6.7088E14	-2.48791E-4
-6.70156E14	-3.0756E-4
-6.69432E14	-1.8284E-4
-6.68708E14	-5.21833E-4
-6.67984E14	-3.92683E-4
-6.6726E14	-1.21791E-4
-6.66535E14	-9.37349E-5
-6.65811E14	-2.98149E-4
-6.65087E14	-3.4746E-4
-6.64363E14	-3.38086E-4
-6.63639E14	-2.92459E-4
-6.62915E14	-2.93807E-4
-6.62191E14	-2.53908E-4
-6.61467E14	-3.65945E-4
-6.60743E14	-1.82801E-4
-6.60018E14	-3.26774E-4
-6.59294E14	-2.75908E-4
-6.5857E14	-2.26578E-4
-6.57846E14	-3.42868E-4
-6.57122E14	-1.08913E-4
-6.56398E14	-2.46604E-4
-6.55674E14	-4.04489E-4
-6.5495E14	-2.84348E-4
-6.54225E14	-5.86879E-4
-6.53501E14	-3.26152E-4
-6.52777E14	-2.36899E-4
-6.52053E14	-2.64427E-4
-6.51329E14	-2.42591E-4
-6.50605E14	-2.53353E-4
-6.49881E14	-2.96525E-4
-6.49157E14	-4.1107E-4
-6.48433E14	-4.079E-4
-6.47708E14	-2.2111E-4
-6.46984E14	-4.04277E-4
-6.4626E14	-4.54007E-4
-6.45536E14	-3.02417E-4
-6.44812E14	-1.60878E-4
-6.44088E14	-3.44426E-4
-6.43364E14	-3.35454E-4
-6.4264E14	-2.56785E-4
-6.41915E14	-3.18988E-4
-6.41191E14	-2.63974E-4
-6.40467E14	-4.11923E-4
-6.39743E14	-3.1729E-4
-6.39019E14	-3.14453E-4
-6.38295E14	-2.67367E-4
-6.37571E14	-6.1431E-4
-6.36847E14	-3.25983E-4
-6.36123E14	-4.13421E-4
-6.35398E14	-2.20076E-4
-6.34674E14	-1.66273E-4
-6.3395E14	-3.03387E-4
-6.33226E14	-2.6646E-4
-6.32502E14	-3.96048E-4
-6.31778E14	-3.30247E-4
-6.31054E14	-3.0053E-4
-6.3033E14	-2.81442E-4
-6.29605E14	-2.79625E-4
-6.28881E14	-4.49962E-4
-6.28157E14	-1.35851E-4
-6.27433E14	-3.21166E-4
-6.26709E14	-3.84715E-4
-6.25985E14	-3.14962E-4
-6.25261E14	-3.90523E-4
-6.24537E14	-1.02764E-4
-6.23813E14	-4.93079E-4
-6.23088E14	-3.26209E-4
-6.22364E14	-3.39407E-4
-6.2164E14	-2.77098E-4
-6.20916E14	-3.98884E-4
-6.20192E14	-2.28932E-4
-6.19468E14	-3.66328E-4
-6.18744E14	-2.65964E-4
-6.1802E14	-5.00652E-4
-6.17295E14	-3.32093E-4
-6.16571E14	-4.29913E-4
-6.15847E14	-3.77123E-4
-6.15123E14	-3.62313E-4
-6.14399E14	-2.03651E-4
-6.13675E14	-3.53525E-4
-6.12951E14	-3.31909E-4
-6.12227E14	-3.3598E-4
-6.11503E14	-3.55333E-4
-6.10778E14	-3.79884E-4
-6.10054E14	-2.50693E-4
-6.0933E14	-3.53293E-4
-6.08606E14	-1.35358E-4
-6.07882E14	-3.53581E-4
-6.07158E14	-4.00057E-4
-6.06434E14	-2.82964E-4
-6.0571E14	-3.25034E-4
-6.04985E14	-4.28924E-4
-6.04261E14	-3.96632E-4
-6.03537E14	-1.26084E-4
-6.02813E14	-3.92328E-4
-6.02089E14	-3.45847E-4
-6.01365E14	-3.18908E-4
-6.00641E14	-3.71131E-4
-5.99917E14	-4.32357E-4
-5.99193E14	-4.31747E-4
-5.98468E14	-4.20858E-4
-5.97744E14	-3.66992E-4
-5.9702E14	-3.52696E-4
-5.96296E14	-3.67754E-4
-5.95572E14	-3.15843E-4
-5.94848E14	-4.88858E-4
-5.94124E14	-3.00553E-4
-5.934E14	-3.15371E-4
-5.92675E14	-5.88164E-4
-5.91951E14	-4.16245E-4
-5.91227E14	-5.57389E-4
-5.90503E14	-3.47957E-4
-5.89779E14	-2.89508E-4
-5.89055E14	-3.33821E-4
-5.88331E14	-4.31048E-4
-5.87607E14	-2.34277E-4
-5.86883E14	-4.3698E-4
-5.86158E14	-3.38672E-4
-5.85434E14	-3.30725E-4
-5.8471E14	-5.08623E-4
-5.83986E14	-1.27409E-4
-5.83262E14	-3.87735E-4
-5.82538E14	-4.47391E-4
-5.81814E14	-3.08179E-4
-5.8109E14	-4.07065E-4
-5.80366E14	-3.95118E-4
-5.79641E14	-3.84131E-4
-5.78917E14	-2.94412E-4
-5.78193E14	-5.04499E-4
-5.77469E14	-4.00875E-4
-5.76745E14	-8.444E-4
-5.76021E14	-2.67667E-4
-5.75297E14	-4.38806E-4
-5.74573E14	-2.79518E-4
-5.73848E14	-4.17258E-4
-5.73124E14	-4.0328E-4
-5.724E14	-3.64497E-4
-5.71676E14	-2.48261E-4
-5.70952E14	-2.42049E-4
-5.70228E14	-4.48414E-4
-5.69504E14	-3.57318E-4
-5.6878E14	-3.71743E-4
-5.68056E14	-4.47648E-4
-5.67331E14	-3.64786E-4
-5.66607E14	-4.39236E-4
-5.65883E14	-5.64363E-4
-5.65159E14	-5.19082E-4
-5.64435E14	-5.00271E-4
-5.63711E14	-4.15744E-4
-5.62987E14	-3.67591E-4
-5.62263E14	-4.05635E-4
-5.61538E14	-4.42711E-4
-5.60814E14	-3.72924E-4
-5.6009E14	-4.19369E-4
-5.59366E14	-5.77202E-4
-5.58642E14	-4.01507E-4
-5.57918E14	-3.91593E-4
-5.57194E14	-3.72329E-4
-5.5647E14	-4.5039E-4
-5.55746E14	-4.44923E-4
-5.55021E14	-3.70573E-4
-5.54297E14	-4.26741E-4
-5.53573E14	-4.61763E-4
-5.52849E14	-3.24383E-4
-5.52125E14	-3.71739E-4
-5.51401E14	-3.61712E-4
-5.50677E14	-3.41968E-4
-5.49953E14	-5.15612E-4
-5.49228E14	-4.10218E-4
-5.48504E14	-4.72315E-4
-5.4778E14	-3.76949E-4
-5.47056E14	-4.51249E-4
-5.46332E14	-4.15001E-4
-5.45608E14	-4.31202E-4
-5.44884E14	-3.91496E-4
-5.4416E14	-4.5345E-4
-5.43436E14	-2.83232E-4
-5.42711E14	-4.73969E-4
-5.41987E14	-4.93962E-4
-5.41263E14	-4.25714E-4
-5.40539E14	-3.58372E-4
-5.39815E14	-3.98416E-4
-5.39091E14	-4.29798E-4
-5.38367E14	-4.2271E-4
-5.37643E14	-4.63781E-4
-5.36918E14	-4.46223E-4
-5.36194E14	-5.40243E-4
-5.3547E14	-3.91456E-4
-5.34746E14	-4.19821E-4
-5.34022E14	-4.39999E-4
-5.33298E14	-6.16993E-4
-5.32574E14	-4.13779E-4
-5.3185E14	-4.78467E-4
-5.31126E14	-4.31365E-4
-5.30401E14	-4.97645E-4
-5.29677E14	-3.59171E-4
-5.28953E14	-2.37387E-4
-5.28229E14	-5.17121E-4
-5.27505E14	-5.15602E-4
-5.26781E14	-4.85889E-4
-5.26057E14	-4.39195E-4
-5.25333E14	-4.31629E-4
-5.24608E14	-4.01376E-4
-5.23884E14	-3.39654E-4
-5.2316E14	-3.67044E-4
-5.22436E14	-3.54245E-4
-5.21712E14	-3.51991E-4
-5.20988E14	-3.07148E-4
-5.20264E14	-3.89343E-4
-5.1954E14	-3.96362E-4
-5.18816E14	-3.38173E-4
-5.18091E14	-4.55028E-4
-5.17367E14	-2.81242E-4
-5.16643E14	-3.60979E-4
-5.15919E14	-1.52774E-4
-5.15195E14	-3.74327E-4
-5.14471E14	-3.73734E-4
-5.13747E14	-4.03683E-4
-5.13023E14	-4.99214E-4
-5.12298E14	-5.16572E-4
-5.11574E14	-3.64882E-4
-5.1085E14	-4.88289E-4
-5.10126E14	-3.99548E-4
-5.09402E14	-3.73858E-4
-5.08678E14	-3.87647E-4
-5.07954E14	-4.43692E-4
-5.0723E14	-2.28253E-4
-5.06506E14	-4.25406E-4
-5.05781E14	-3.27458E-4
-5.05057E14	-4.68695E-4
-5.04333E14	-3.97209E-4
-5.03609E14	-4.24393E-4
-5.02885E14	-3.68644E-4
-5.02161E14	-6.5413E-4
-5.01437E14	-4.73029E-4
-5.00713E14	-5.85422E-4
-4.99988E14	-4.48495E-4
-4.99264E14	-2.65538E-4
-4.9854E14	-4.30724E-4
-4.97816E14	-3.56714E-4
-4.97092E14	-1.63403E-4
-4.96368E14	-3.02872E-4
-4.95644E14	-4.52527E-4
-4.9492E14	-3.59709E-4
-4.94196E14	-4.03923E-4
-4.93471E14	-5.90048E-4
-4.92747E14	-4.07828E-4
-4.92023E14	-3.88328E-4
-4.91299E14	-3.55136E-4
-4.90575E14	-5.77261E-4
-4.89851E14	-6.4074E-4
-4.89127E14	-1.62063E-4
-4.88403E14	-4.59105E-4
-4.87678E14	-4.9163E-4
-4.86954E14	-4.58234E-4
-4.8623E14	-5.06878E-4
-4.85506E14	-4.17169E-4
-4.84782E14	-4.17696E-4
-4.84058E14	-5.5015E-4
-4.83334E14	-4.42191E-4
-4.8261E14	-3.92357E-4
-4.81886E14	-4.94787E-4
-4.81161E14	-3.81665E-4
-4.80437E14	-4.0242E-4
-4.79713E14	-4.92642E-4
-4.78989E14	-4.18464E-4
-4.78265E14	-5.2474E-4
-4.77541E14	-3.91477E-4
-4.76817E14	-4.61414E-4
-4.76093E14	-3.83188E-4
-4.75368E14	-3.61127E-4
-4.74644E14	-3.87192E-4
-4.7392E14	-4.57889E-4
-4.73196E14	-3.86888E-4
-4.72472E14	-4.97505E-4
-4.71748E14	-3.83977E-4
-4.71024E14	-4.41019E-4
-4.703E14	-5.64411E-4
-4.69576E14	-3.82359E-4
-4.68851E14	-6.04675E-4
-4.68127E14	-5.47544E-4
-4.67403E14	-4.38347E-4
-4.66679E14	-3.8644E-4
-4.65955E14	-4.23594E-4
-4.65231E14	-4.38408E-4
-4.64507E14	-4.18474E-4
-4.63783E14	-6.10973E-4
-4.63059E14	-3.7216E-4
-4.62334E14	-5.18204E-4
-4.6161E14	-4.20111E-4
-4.60886E14	-4.57071E-4
-4.60162E14	-3.9654E-4
-4.59438E14	-4.81228E-4
-4.58714E14	-3.4483E-4
-4.5799E14	-4.23966E-4
-4.57266E14	-4.69273E-4
-4.56541E14	-5.47134E-4
-4.55817E14	-4.75304E-4
-4.55093E14	-5.67302E-4
-4.54369E14	-4.33961E-4
-4.53645E14	-4.19829E-4
-4.52921E14	-5.27084E-4
-4.52197E14	-6.27317E-4
-4.51473E14	-5.0189E-4
-4.50749E14	-4.06354E-4
-4.50024E14	-4.13075E-4
-4.493E14	-4.67555E-4
-4.48576E14	-4.49101E-4
-4.47852E14	-5.95544E-4
-4.47128E14	-5.04038E-4
-4.46404E14	-5.02535E-4
-4.4568E14	-2.8142E-4
-4.44956E14	-4.50248E-4
-4.44231E14	-5.29386E-4
-4.43507E14	-1.77204E-4
-4.42783E14	-1.49884E-4
-4.42059E14	-4.04103E-4
-4.41335E14	-4.38994E-4
-4.40611E14	-4.37492E-4
-4.39887E14	-5.35045E-4
-4.39163E14	-6.55989E-4
-4.38439E14	-3.04787E-4
-4.37714E14	-4.01347E-4
-4.3699E14	-6.7387E-4
-4.36266E14	-4.58209E-4
-4.35542E14	-3.5306E-4
-4.34818E14	-4.95642E-4
-4.34094E14	-4.66584E-4
-4.3337E14	-5.27822E-4
-4.32646E14	-2.43413E-4
-4.31921E14	-4.25698E-4
-4.31197E14	-1.7509E-4
-4.30473E14	-4.78281E-4
-4.29749E14	-6.09163E-4
-4.29025E14	-4.42177E-4
-4.28301E14	-4.22425E-4
-4.27577E14	-4.40535E-4
-4.26853E14	-2.57367E-4
-4.26129E14	-2.74188E-4
-4.25404E14	-4.49704E-4
-4.2468E14	-3.92356E-4
-4.23956E14	-2.31041E-4
-4.23232E14	-4.59719E-4
-4.22508E14	-5.2744E-4
-4.21784E14	-6.67981E-4
-4.2106E14	-5.6858E-4
-4.20336E14	-6.56989E-4
-4.19611E14	-4.58731E-4
-4.18887E14	-3.42804E-4
-4.18163E14	-5.02232E-4
-4.17439E14	-3.5187E-4
-4.16715E14	-4.82525E-4
-4.15991E14	-4.80968E-4
-4.15267E14	-4.78294E-4
-4.14543E14	-4.78093E-4
-4.13819E14	-4.37495E-4
-4.13094E14	-4.42543E-4
-4.1237E14	-5.47293E-4
-4.11646E14	-4.84474E-4
-4.10922E14	-4.05344E-4
-4.10198E14	-5.00872E-4
-4.09474E14	-3.63638E-4
-4.0875E14	-5.20781E-4
-4.08026E14	-5.35362E-4
-4.07301E14	-5.00157E-4
-4.06577E14	-4.46698E-4
-4.05853E14	-5.92345E-4
-4.05129E14	-5.45705E-4
-4.04405E14	-5.5056E-4
-4.03681E14	-4.02405E-4
-4.02957E14	-3.66158E-4
-4.02233E14	-3.42477E-4
-4.01509E14	-5.36454E-4
-4.00784E14	-5.57588E-4
-4.0006E14	-5.22783E-4
-3.99336E14	-5.05664E-4
-3.98612E14	-5.08116E-4
-3.97888E14	-4.69415E-4
-3.97164E14	-4.63167E-4
-3.9644E14	-5.78935E-4
-3.95716E14	-4.99962E-4
-3.94991E14	-4.59995E-4
-3.94267E14	-5.45265E-4
-3.93543E14	-5.03918E-4
-3.92819E14	-4.73248E-4
-3.92095E14	-4.43379E-4
-3.91371E14	-6.14345E-4
-3.90647E14	-4.81103E-4
-3.89923E14	-6.896E-4
-3.89199E14	-5.18423E-4
-3.88474E14	-4.73771E-4
-3.8775E14	-6.14573E-4
-3.87026E14	-5.51471E-4
-3.86302E14	-6.70862E-4
-3.85578E14	-6.40249E-4
-3.84854E14	-5.37162E-4
-3.8413E14	-4.24425E-4
-3.83406E14	-7.17036E-4
-3.82681E14	-4.90176E-4
-3.81957E14	-5.65808E-4
-3.81233E14	-4.5065E-4
-3.80509E14	-5.49856E-4
-3.79785E14	-6.34865E-4
-3.79061E14	-5.38965E-4
-3.78337E14	-4.94274E-4
-3.77613E14	-6.24373E-4
-3.76889E14	-5.63422E-4
-3.76164E14	-6.31376E-4
-3.7544E14	-6.55002E-4
-3.74716E14	-4.9061E-4
-3.73992E14	-3.64525E-4
-3.73268E14	-5.18988E-4
-3.72544E14	-5.17362E-4
-3.7182E14	-5.08124E-4
-3.71096E14	-5.46624E-4
-3.70371E14	-3.86916E-4
-3.69647E14	-4.79344E-4
-3.68923E14	-4.98039E-4
-3.68199E14	-4.62092E-4
-3.67475E14	-7.08614E-4
-3.66751E14	-4.6327E-4
-3.66027E14	-4.35478E-4
-3.65303E14	-6.54774E-4
-3.64579E14	-5.59377E-4
-3.63854E14	-5.056E-4
-3.6313E14	-4.07367E-4
-3.62406E14	-4.87162E-4
-3.61682E14	-5.48763E-4
-3.60958E14	-5.5439E-4
-3.60234E14	-5.34246E-4
-3.5951E14	-5.50084E-4
-3.58786E14	-6.11315E-4
-3.58061E14	-5.34062E-4
-3.57337E14	-5.36333E-4
-3.56613E14	-4.71943E-4
-3.55889E14	-4.48636E-4
-3.55165E14	-5.10105E-4
-3.54441E14	-5.33823E-4
-3.53717E14	-5.83282E-4
-3.52993E14	-5.30014E-4
-3.52269E14	-5.23946E-4
-3.51544E14	-7.55191E-4
-3.5082E14	-4.88949E-4
-3.50096E14	-5.16512E-4
-3.49372E14	-4.53573E-4
-3.48648E14	-4.85824E-4
-3.47924E14	-4.55196E-4
-3.472E14	-6.68231E-4
-3.46476E14	-5.35181E-4
-3.45752E14	-6.1888E-4
-3.45027E14	-4.99919E-4
-3.44303E14	-6.96712E-4
-3.43579E14	-4.98746E-4
-3.42855E14	-4.58469E-4
-3.42131E14	-6.85041E-4
-3.41407E14	-4.56474E-4
-3.40683E14	-6.33712E-4
-3.39959E14	-4.75365E-4
-3.39234E14	-4.63902E-4
-3.3851E14	-5.96382E-4
-3.37786E14	-5.11471E-4
-3.37062E14	-5.94804E-4
-3.36338E14	-6.55565E-4
-3.35614E14	-4.03584E-4
-3.3489E14	-4.86521E-4
-3.34166E14	-6.25835E-4
-3.33442E14	-5.9133E-4
-3.32717E14	-5.78682E-4
-3.31993E14	-4.76898E-4
-3.31269E14	-6.51889E-4
-3.30545E14	-6.48394E-4
-3.29821E14	-5.44885E-4
-3.29097E14	-5.44433E-4
-3.28373E14	-5.1214E-4
-3.27649E14	-5.90499E-4
-3.26924E14	-4.78693E-4
-3.262E14	-5.10312E-4
-3.25476E14	-4.85518E-4
-3.24752E14	-7.07447E-4
-3.24028E14	-4.36842E-4
-3.23304E14	-6.48253E-4
-3.2258E14	-5.02391E-4
-3.21856E14	-6.32842E-4
-3.21132E14	-6.25929E-4
-3.20407E14	-6.41159E-4
-3.19683E14	-5.52062E-4
-3.18959E14	-6.00523E-4
-3.18235E14	-5.38028E-4
-3.17511E14	-6.42545E-4
-3.16787E14	-5.91579E-4
-3.16063E14	-6.04311E-4
-3.15339E14	-5.34529E-4
-3.14614E14	-6.83836E-4
-3.1389E14	-4.76601E-4
-3.13166E14	-5.60786E-4
-3.12442E14	-6.35378E-4
-3.11718E14	-6.80451E-4
-3.10994E14	-5.50625E-4
-3.1027E14	-4.98799E-4
-3.09546E14	-5.22389E-4
-3.08822E14	-5.97711E-4
-3.08097E14	-5.44313E-4
-3.07373E14	-7.62983E-4
-3.06649E14	-5.77399E-4
-3.05925E14	-7.43661E-4
-3.05201E14	-5.36864E-4
-3.04477E14	-5.32264E-4
-3.03753E14	-6.18335E-4
-3.03029E14	-5.4539E-4
-3.02304E14	-6.75494E-4
-3.0158E14	-5.95246E-4
-3.00856E14	-7.0677E-4
-3.00132E14	-7.4783E-4
-2.99408E14	-7.74037E-4
-2.98684E14	-6.14443E-4
-2.9796E14	-5.84315E-4
-2.97236E14	-5.53054E-4
-2.96512E14	-7.06562E-4
-2.95787E14	-6.12253E-4
-2.95063E14	-5.51218E-4
-2.94339E14	-5.31072E-4
-2.93615E14	-6.32991E-4
-2.92891E14	-8.61616E-4
-2.92167E14	-5.91534E-4
-2.91443E14	-6.01639E-4
-2.90719E14	-5.86801E-4
-2.89994E14	-6.61602E-4
-2.8927E14	-6.59441E-4
-2.88546E14	-5.76738E-4
-2.87822E14	-6.80716E-4
-2.87098E14	-7.10833E-4
-2.86374E14	-6.50507E-4
-2.8565E14	-5.09843E-4
-2.84926E14	-6.19094E-4
-2.84202E14	-5.78205E-4
-2.83477E14	-7.37813E-4
-2.82753E14	-7.55591E-4
-2.82029E14	-6.53142E-4
-2.81305E14	-7.01597E-4
-2.80581E14	-6.90346E-4
-2.79857E14	-6.62296E-4
-2.79133E14	-6.20251E-4
-2.78409E14	-7.33698E-4
-2.77684E14	-7.04118E-4
-2.7696E14	-5.63465E-4
-2.76236E14	-6.58415E-4
-2.75512E14	-7.05618E-4
-2.74788E14	-6.59976E-4
-2.74064E14	-5.84674E-4
-2.7334E14	-7.68882E-4
-2.72616E14	-6.08963E-4
-2.71892E14	-6.25587E-4
-2.71167E14	-7.45951E-4
-2.70443E14	-6.10829E-4
-2.69719E14	-8.68394E-4
-2.68995E14	-6.36745E-4
-2.68271E14	-6.13527E-4
-2.67547E14	-5.51113E-4
-2.66823E14	-6.63738E-4
-2.66099E14	-6.16572E-4
-2.65374E14	-6.96332E-4
-2.6465E14	-7.72516E-4
-2.63926E14	-6.44332E-4
-2.63202E14	-6.83249E-4
-2.62478E14	-7.99866E-4
-2.61754E14	-7.3631E-4
-2.6103E14	-7.0341E-4
-2.60306E14	-5.92299E-4
-2.59582E14	-8.43638E-4
-2.58857E14	-0.00111
-2.58133E14	-6.44489E-4
-2.57409E14	-6.77834E-4
-2.56685E14	-8.75168E-4
-2.55961E14	-8.66693E-4
-2.55237E14	-6.61392E-4
-2.54513E14	-6.71714E-4
-2.53789E14	-5.54077E-4
-2.53064E14	-6.34682E-4
-2.5234E14	-7.70949E-4
-2.51616E14	-8.96479E-4
-2.50892E14	-7.03951E-4
-2.50168E14	-7.36408E-4
-2.49444E14	-6.723E-4
-2.4872E14	-6.25833E-4
-2.47996E14	-9.89599E-4
-2.47272E14	-9.11692E-4
-2.46547E14	-7.269E-4
-2.45823E14	-7.06939E-4
-2.45099E14	-6.67939E-4
-2.44375E14	-6.99188E-4
-2.43651E14	-7.42119E-4
-2.42927E14	-6.71571E-4
-2.42203E14	-7.79319E-4
-2.41479E14	-7.71135E-4
-2.40754E14	-8.44334E-4
-2.4003E14	-7.12247E-4
-2.39306E14	-7.95324E-4
-2.38582E14	-7.75614E-4
-2.37858E14	-8.50002E-4
-2.37134E14	-7.07319E-4
-2.3641E14	-7.9811E-4
-2.35686E14	-7.18997E-4
-2.34962E14	-7.56892E-4
-2.34237E14	-0.00118
-2.33513E14	-8.40584E-4
-2.32789E14	-7.82248E-4
-2.32065E14	-7.22587E-4
-2.31341E14	-7.30552E-4
-2.30617E14	-9.2453E-4
-2.29893E14	-8.50626E-4
-2.29169E14	-0.00106
-2.28445E14	-8.5954E-4
-2.2772E14	-6.77183E-4
-2.26996E14	-5.77521E-4
-2.26272E14	-8.23294E-4
-2.25548E14	-7.60912E-4
-2.24824E14	-8.27544E-4
-2.241E14	-7.68278E-4
-2.23376E14	-9.21154E-4
-2.22652E14	-9.58399E-4
-2.21927E14	-9.59196E-4
-2.21203E14	-8.77366E-4
-2.20479E14	-7.73309E-4
-2.19755E14	-8.07613E-4
-2.19031E14	-8.59734E-4
-2.18307E14	-9.23526E-4
-2.17583E14	-0.00109
-2.16859E14	-8.61196E-4
-2.16135E14	-8.57282E-4
-2.1541E14	-5.73E-4
-2.14686E14	-8.35093E-4
-2.13962E14	-7.92457E-4
-2.13238E14	-9.39649E-4
-2.12514E14	-9.02344E-4
-2.1179E14	-0.00103
-2.11066E14	-0.00111
-2.10342E14	-0.00109
-2.09617E14	-0.00103
-2.08893E14	-0.00119
-2.08169E14	-0.00119
-2.07445E14	-9.73393E-4
-2.06721E14	-0.00119
-2.05997E14	-0.00104
-2.05273E14	-0.00106
-2.04549E14	-8.6754E-4
-2.03825E14	-0.00102
-2.031E14	-0.00138
-2.02376E14	-9.64835E-4
-2.01652E14	-9.73627E-4
-2.00928E14	-0.00103
-2.00204E14	-0.00125
-1.9948E14	-9.75601E-4
-1.98756E14	-9.81688E-4
-1.98032E14	-4.99969E-4
-1.97307E14	-8.01283E-4
-1.96583E14	-8.94475E-4
-1.95859E14	-0.00114
-1.95135E14	-9.92919E-4
-1.94411E14	-9.95288E-4
-1.93687E14	-0.00108
-1.92963E14	-0.00128
-1.92239E14	-0.00127
-1.91515E14	-9.64894E-4
-1.9079E14	-0.00124
-1.90066E14	-0.00111
-1.89342E14	-0.0012
-1.88618E14	-0.0011
-1.87894E14	-0.00147
-1.8717E14	-0.00115
-1.86446E14	-9.39257E-4
-1.85722E14	-0.00127
-1.84997E14	-0.00138
-1.84273E14	-0.00117
-1.83549E14	-0.00113
-1.82825E14	-0.00139
-1.82101E14	-0.00151
-1.81377E14	-0.0015
-1.80653E14	-0.00121
-1.79929E14	-0.00131
-1.79205E14	-0.00158
-1.7848E14	-0.00135
-1.77756E14	-0.00109
-1.77032E14	-0.00103
-1.76308E14	-0.00157
-1.75584E14	-0.00143
-1.7486E14	-0.00134
-1.74136E14	-0.00161
-1.73412E14	-0.00156
-1.72687E14	-0.0015
-1.71963E14	-0.00158
-1.71239E14	-0.00166
-1.70515E14	-0.00161
-1.69791E14	-0.00173
-1.69067E14	-0.00151
-1.68343E14	-0.00146
-1.67619E14	-0.00129
-1.66895E14	-0.00181
-1.6617E14	-0.0018
-1.65446E14	-0.00153
-1.64722E14	-0.00139
-1.63998E14	-0.00146
-1.63274E14	-0.00161
-1.6255E14	-0.00164
-1.61826E14	-0.0013
-1.61102E14	-0.00174
-1.60377E14	-0.00163
-1.59653E14	-0.00166
-1.58929E14	-0.00149
-1.58205E14	-0.00176
-1.57481E14	-0.00197
-1.56757E14	-0.00158
-1.56033E14	-0.00161
-1.55309E14	-0.00133
-1.54585E14	-0.00128
-1.5386E14	-0.00157
-1.53136E14	-0.00136
-1.52412E14	-0.00135
-1.51688E14	-0.00178
-1.50964E14	-0.00162
-1.5024E14	-0.00147
-1.49516E14	-0.00157
-1.48792E14	-0.0014
-1.48067E14	-0.00182
-1.47343E14	-0.00154
-1.46619E14	-0.00136
-1.45895E14	-0.00183
-1.45171E14	-0.00141
-1.44447E14	-0.00164
-1.43723E14	-0.00137
-1.42999E14	-0.00165
-1.42275E14	-0.00179
-1.4155E14	-0.00173
-1.40826E14	-0.00118
-1.40102E14	-0.00191
-1.39378E14	-9.63438E-4
-1.38654E14	-0.00167
-1.3793E14	-0.00191
-1.37206E14	-0.00135
-1.36482E14	-0.00141
-1.35757E14	-0.00179
-1.35033E14	-0.00154
-1.34309E14	-0.0017
-1.33585E14	-0.00196
-1.32861E14	-0.00189
-1.32137E14	-0.00197
-1.31413E14	-0.00155
-1.30689E14	-0.00193
-1.29965E14	-0.00197
-1.2924E14	-0.00213
-1.28516E14	-0.00194
-1.27792E14	-0.00211
-1.27068E14	-0.00202
-1.26344E14	-0.00198
-1.2562E14	-0.00253
-1.24896E14	-0.00166
-1.24172E14	-0.00187
-1.23447E14	-0.00175
-1.22723E14	-0.00165
-1.21999E14	-0.00183
-1.21275E14	-0.00138
-1.20551E14	-0.00146
-1.19827E14	-0.00169
-1.19103E14	-0.00177
-1.18379E14	-0.00209
-1.17655E14	-0.00184
-1.1693E14	-0.00194
-1.16206E14	-0.00187
-1.15482E14	-0.00179
-1.14758E14	-0.00186
-1.14034E14	-0.00156
-1.1331E14	-0.00194
-1.12586E14	-0.00151
-1.11862E14	-0.00168
-1.11138E14	-0.00155
-1.10413E14	-0.00155
-1.09689E14	-0.00194
-1.08965E14	-0.00217
-1.08241E14	-0.00208
-1.07517E14	-0.00226
-1.06793E14	-0.00188
-1.06069E14	-0.00189
-1.05345E14	-0.00259
-1.0462E14	-0.00199
-1.03896E14	-0.00264
-1.03172E14	-0.00176
-1.02448E14	-0.00159
-1.01724E14	-0.00145
-1.01E14	-0.00127
-1.00276E14	-0.00188
-9.95516E13	-0.00224
-9.88275E13	-0.00274
-9.81034E13	-0.00214
-9.73793E13	-0.00176
-9.66552E13	-0.00239
-9.5931E13	-0.00238
-9.52069E13	-0.00208
-9.44828E13	-0.003
-9.37587E13	-0.00263
-9.30346E13	-0.00224
-9.23105E13	-0.00253
-9.15863E13	-0.00169
-9.08622E13	-0.00198
-9.01381E13	-0.00269
-8.9414E13	-0.00183
-8.86899E13	-0.00303
-8.79658E13	-0.00229
-8.72416E13	-0.00282
-8.65175E13	-0.00226
-8.57934E13	-0.00301
-8.50693E13	-0.00282
-8.43452E13	-0.00197
-8.3621E13	-0.00278
-8.28969E13	-0.00266
-8.21728E13	-0.00304
-8.14487E13	-0.00281
-8.07246E13	-0.00284
-8.00005E13	-0.00273
-7.92763E13	-0.00285
-7.85522E13	-0.00287
-7.78281E13	-0.00312
-7.7104E13	-0.00257
-7.63799E13	-0.00253
-7.56558E13	-0.00224
-7.49316E13	-0.00294
-7.42075E13	-0.00246
-7.34834E13	-0.00222
-7.27593E13	-0.00264
-7.20352E13	-0.00338
-7.13111E13	-0.00322
-7.05869E13	-0.00262
-6.98628E13	-0.00282
-6.91387E13	-0.00193
-6.84146E13	-0.00325
-6.76905E13	-0.00317
-6.69664E13	-0.00249
-6.62422E13	-0.00344
-6.55181E13	-0.00425
-6.4794E13	-0.00348
-6.40699E13	-0.00309
-6.33458E13	-0.00448
-6.26216E13	-0.00313
-6.18975E13	-0.00337
-6.11734E13	-0.0046
-6.04493E13	-0.00418
-5.97252E13	-0.00288
-5.90011E13	-0.00473
-5.82769E13	-0.00568
-5.75528E13	-0.00358
-5.68287E13	-0.00445
-5.61046E13	-0.00465
-5.53805E13	-0.00357
-5.46564E13	-0.00341
-5.39322E13	-0.00489
-5.32081E13	-0.00498
-5.2484E13	-0.00397
-5.17599E13	-0.00509
-5.10358E13	-0.00471
-5.03117E13	-0.00421
-4.95875E13	-0.0026
-4.88634E13	-0.0057
-4.81393E13	-0.00571
-4.74152E13	-0.00605
-4.66911E13	-0.00517
-4.5967E13	-0.00618
-4.52428E13	-0.00741
-4.45187E13	-0.00614
-4.37946E13	-0.00457
-4.30705E13	-0.00977
-4.23464E13	-0.00502
-4.16222E13	-0.00439
-4.08981E13	-0.00687
-4.0174E13	-0.00722
-3.94499E13	-0.00651
-3.87258E13	-0.00845
-3.80017E13	-0.00749
-3.72775E13	-0.00714
-3.65534E13	-0.00665
-3.58293E13	-0.0095
-3.51052E13	-0.00597
-3.43811E13	-0.00905
-3.3657E13	-0.00934
-3.29328E13	-0.00924
-3.22087E13	-0.00935
-3.14846E13	-0.00926
-3.07605E13	-0.01286
-3.00364E13	-0.01401
-2.93123E13	-0.01006
-2.85881E13	-0.01658
-2.7864E13	-0.01689
-2.71399E13	-0.01722
-2.64158E13	-0.01504
-2.56917E13	-0.0216
-2.49675E13	-0.01624
-2.42434E13	-0.01403
-2.35193E13	-0.01335
-2.27952E13	-0.02338
-2.20711E13	-0.03335
-2.1347E13	-0.01711
-2.06228E13	-0.03368
-1.98987E13	-0.02481
-1.91746E13	-0.02653
-1.84505E13	-0.02998
-1.77264E13	-0.03078
-1.70023E13	-0.03822
-1.62781E13	-0.05159
-1.5554E13	-0.03741
-1.48299E13	-0.04299
-1.41058E13	-0.04767
-1.33817E13	-0.06701
-1.26576E13	-0.06863
-1.19334E13	-0.07382
-1.12093E13	-0.06725
-1.04852E13	-0.09501
-9.76109E12	-0.10422
-9.03697E12	-0.1301
-8.31285E12	-0.12889
-7.58873E12	-0.17522
-6.86462E12	-0.16278
-6.1405E12	-0.18882
-5.41638E12	-0.20532
-4.69227E12	-0.23564
-3.96815E12	-0.23641
-3.24403E12	-0.22491
-2.51991E12	-0.22141
-1.7958E12	-0.22685
-1.07168E12	-0.21418
-3.47562E11	-0.25517
3.76556E11	-0.23118
1.10067E12	-0.27359
1.82479E12	-0.27362
2.54891E12	-0.24237
3.27302E12	-0.24513
3.99714E12	-0.22357
4.72126E12	-0.23954
5.44538E12	-0.2307
6.16949E12	-0.19378
6.89361E12	-0.18497
7.61773E12	-0.14802
8.34185E12	-0.13429
9.06596E12	-0.13395
9.79008E12	-0.1396
1.05142E13	-0.13081
1.12383E13	-0.09976
1.19624E13	-0.07261
1.26865E13	-0.07418
1.34107E13	-0.08806
1.41348E13	-0.07035
1.48589E13	-0.04011
1.5583E13	-0.05388
1.63071E13	-0.04311
1.70313E13	-0.03589
1.77554E13	-0.03235
1.84795E13	-0.04188
1.92036E13	-0.0422
1.99277E13	-0.03618
2.06518E13	-0.02861
2.1376E13	-0.03034
2.21001E13	-0.03744
2.28242E13	-0.03297
2.35483E13	-0.0329
2.42724E13	-0.03225
2.49965E13	-0.03066
2.57207E13	-0.03181
2.64448E13	-0.03003
2.71689E13	-0.02874
2.7893E13	-0.02811
2.86171E13	-0.02937
2.93412E13	-0.02526
3.00654E13	-0.02477
3.07895E13	-0.0247
3.15136E13	-0.02281
3.22377E13	-0.02262
3.29618E13	-0.01999
3.3686E13	-0.02299
3.44101E13	-0.01955
3.51342E13	-0.02148
3.58583E13	-0.01933
3.65824E13	-0.01446
3.73065E13	-0.01688
3.80307E13	-0.01719
3.87548E13	-0.01657
3.94789E13	-0.01707
4.0203E13	-0.01613
4.09271E13	-0.01194
4.16512E13	-0.0129
4.23754E13	-0.0098
4.30995E13	-0.01006
4.38236E13	-0.00932
4.45477E13	-0.009
4.52718E13	-0.00878
4.59959E13	-0.00581
4.67201E13	-0.00817
4.74442E13	-0.0067
4.81683E13	-0.00302
4.88924E13	-0.00383
4.96165E13	-0.00211
5.03406E13	1.46386E-4
5.10648E13	-0.00211
5.17889E13	-0.00197
5.2513E13	5.28476E-4
5.32371E13	9.23409E-4
5.39612E13	0.001
5.46854E13	0.00269
5.54095E13	0.00258
5.61336E13	0.00227
5.68577E13	0.00575
5.75818E13	0.00543
5.83059E13	0.00912
5.90301E13	0.01177
5.97542E13	0.01339
6.04783E13	0.01416
6.12024E13	0.01704
6.19265E13	0.01834
6.26506E13	0.02668
6.33748E13	0.02493
6.40989E13	0.02793
6.4823E13	0.03106
6.55471E13	0.0315
6.62712E13	0.03267
6.69953E13	0.03647
6.77195E13	0.03575
6.84436E13	0.03634
6.91677E13	0.04038
6.98918E13	0.04033
7.06159E13	0.03964
7.134E13	0.03736
7.20642E13	0.04039
7.27883E13	0.03797
7.35124E13	0.03716
7.42365E13	0.03515
7.49606E13	0.03017
7.56848E13	0.03325
7.64089E13	0.02997
7.7133E13	0.02493
7.78571E13	0.02548
7.85812E13	0.0226
7.93053E13	0.02087
8.00295E13	0.01862
8.07536E13	0.01675
8.14777E13	0.01519
8.22018E13	0.0132
8.29259E13	0.01005
8.365E13	0.00997
8.43742E13	0.00878
8.50983E13	0.00941
8.58224E13	0.00777
8.65465E13	0.0057
8.72706E13	0.00781
8.79947E13	0.0055
8.87189E13	0.00502
8.9443E13	0.00521
9.01671E13	0.00365
9.08912E13	0.00304
9.16153E13	0.00335
9.23395E13	0.00126
9.30636E13	0.00226
9.37877E13	0.00241
9.45118E13	7.50703E-4
9.52359E13	4.09165E-4
9.596E13	5.90142E-4
9.66842E13	2.45225E-4
9.74083E13	5.37474E-4
9.81324E13	9.5293E-4
9.88565E13	-1.60063E-5
9.95806E13	2.38812E-5
1.00305E14	-2.27371E-5
1.01029E14	2.33286E-4
1.01753E14	3.50864E-4
1.02477E14	0.00108
1.03201E14	3.6357E-4
1.03925E14	-7.87512E-4
1.04649E14	6.27296E-4
1.05374E14	0.00128
1.06098E14	1.09363E-4
1.06822E14	4.50141E-4
1.07546E14	5.12521E-6
1.0827E14	1.56837E-4
1.08994E14	6.07009E-4
1.09718E14	9.75799E-4
1.10442E14	-6.43075E-4
1.11166E14	3.1276E-4
1.11891E14	5.7742E-4
1.12615E14	0.00266
1.13339E14	0.00239
1.14063E14	0.00161
1.14787E14	7.81635E-4
1.15511E14	0.00101
1.16235E14	9.08381E-4
1.16959E14	0.00203
1.17684E14	0.00284
1.18408E14	0.00351
1.19132E14	0.0031
1.19856E14	0.00329
1.2058E14	0.00462
1.21304E14	0.0036
1.22028E14	0.00409
1.22752E14	0.00437
1.23476E14	0.00607
1.24201E14	0.00671
1.24925E14	0.00843
1.25649E14	0.00888
1.26373E14	0.00961
1.27097E14	0.01013
1.27821E14	0.01054
1.28545E14	0.01087
1.29269E14	0.01271
1.29994E14	0.01142
1.30718E14	0.01106
1.31442E14	0.01392
1.32166E14	0.01429
1.3289E14	0.0133
1.33614E14	0.01163
1.34338E14	0.01103
1.35062E14	0.00974
1.35786E14	0.01226
1.36511E14	0.01242
1.37235E14	0.01138
1.37959E14	0.00857
1.38683E14	0.00806
1.39407E14	0.00886
1.40131E14	0.0076
1.40855E14	0.00671
1.41579E14	0.00645
1.42304E14	0.00665
1.43028E14	0.00573
1.43752E14	0.00411
1.44476E14	0.00342
1.452E14	0.00307
1.45924E14	0.00313
1.46648E14	0.00273
1.47372E14	8.7432E-4
1.48096E14	0.00138
1.48821E14	4.79167E-4
1.49545E14	5.5746E-4
1.50269E14	-1.76983E-4
1.50993E14	0.00146
1.51717E14	7.0222E-4
1.52441E14	9.32725E-4
1.53165E14	1.04542E-4
1.53889E14	-6.27009E-4
1.54614E14	-8.30335E-4
1.55338E14	4.64491E-4
1.56062E14	-4.02833E-4
1.56786E14	3.05593E-4
1.5751E14	0.00119
1.58234E14	2.87422E-4
1.58958E14	9.0788E-5
1.59682E14	1.17184E-4
1.60406E14	-6.99122E-4
1.61131E14	-4.26282E-4
1.61855E14	-1.42637E-4
1.62579E14	-1.37137E-4
1.63303E14	-2.76237E-4
1.64027E14	-5.33777E-4
1.64751E14	-6.39648E-4
1.65475E14	-1.56746E-4
1.66199E14	1.59014E-4
1.66924E14	-6.56154E-4
1.67648E14	6.72758E-5
1.68372E14	-4.30182E-4
1.69096E14	-3.6381E-4
1.6982E14	1.98332E-4
1.70544E14	-8.46604E-5
1.71268E14	4.98484E-4
1.71992E14	5.83545E-5
1.72716E14	3.87345E-4
1.73441E14	0.00156
1.74165E14	0.00151
1.74889E14	0.0012
1.75613E14	0.00131
1.76337E14	0.00135
1.77061E14	0.00317
1.77785E14	0.00217
1.78509E14	0.00349
1.79234E14	0.00367
1.79958E14	0.00339
1.80682E14	0.00381
1.81406E14	0.00391
1.8213E14	0.00458
1.82854E14	0.00475
1.83578E14	0.0038
1.84302E14	0.0051
1.85026E14	0.00451
1.85751E14	0.00483
1.86475E14	0.00503
1.87199E14	0.0056
1.87923E14	0.00525
1.88647E14	0.00368
1.89371E14	0.00432
1.90095E14	0.00476
1.90819E14	0.00344
1.91544E14	0.00314
1.92268E14	0.0036
1.92992E14	0.00256
1.93716E14	0.00208
1.9444E14	0.0016
1.95164E14	0.00172
1.95888E14	4.60781E-4
1.96612E14	0.00171
1.97336E14	0.0019
1.98061E14	0.00181
1.98785E14	8.92553E-4
1.99509E14	0.00146
2.00233E14	7.42021E-5
2.00957E14	2.47758E-4
2.01681E14	3.52394E-4
2.02405E14	6.25491E-4
2.03129E14	-1.62028E-4
2.03854E14	4.88494E-4
2.04578E14	-5.96181E-5
2.05302E14	-3.95733E-5
2.06026E14	2.09893E-4
2.0675E14	3.9258E-4
2.07474E14	2.49131E-4
2.08198E14	-1.19007E-4
2.08922E14	-1.86956E-4
2.09646E14	-2.03777E-4
2.10371E14	-3.56732E-6
2.11095E14	-1.78039E-4
2.11819E14	-2.94165E-4
2.12543E14	-5.02321E-4
2.13267E14	1.67789E-4
2.13991E14	2.68248E-4
2.14715E14	1.25892E-4
2.15439E14	-0.00107
2.16164E14	2.72708E-4
2.16888E14	-2.0718E-5
2.17612E14	-1.94276E-4
2.18336E14	-1.77169E-4
2.1906E14	-2.21306E-5
2.19784E14	5.66429E-4
2.20508E14	5.46036E-4
2.21232E14	4.9471E-4
2.21956E14	4.92474E-4
2.22681E14	7.67384E-4
2.23405E14	2.92685E-4
2.24129E14	0.00115
2.24853E14	-1.98453E-6
2.25577E14	2.94821E-4
2.26301E14	0.00179
2.27025E14	0.00177
2.27749E14	5.83871E-4
2.28473E14	0.00202
2.29198E14	0.00205
2.29922E14	0.00228
2.30646E14	0.00148
2.3137E14	0.00201
2.32094E14	0.00175
2.32818E14	0.00189
2.33542E14	0.00203
2.34266E14	0.00211
2.34991E14	0.00177
2.35715E14	0.00121
2.36439E14	0.00152
2.37163E14	0.00174
2.37887E14	0.00113
2.38611E14	0.00151
2.39335E14	0.00154
2.40059E14	7.28328E-4
2.40783E14	8.19806E-4
2.41508E14	3.73696E-4
2.42232E14	6.07567E-4
2.42956E14	5.01347E-4
2.4368E14	8.33412E-4
2.44404E14	2.37451E-4
2.45128E14	5.17604E-4
2.45852E14	1.3916E-4
2.46576E14	2.20485E-4
2.47301E14	-5.73117E-4
2.48025E14	-2.71757E-4
2.48749E14	8.88955E-5
2.49473E14	-3.73014E-4
2.50197E14	1.97613E-4
2.50921E14	-1.66586E-4
2.51645E14	-3.55373E-4
2.52369E14	1.03312E-4
2.53093E14	-2.48776E-4
2.53818E14	9.02169E-5
2.54542E14	4.70682E-4
2.55266E14	-4.9679E-5
2.5599E14	-3.28076E-4
2.56714E14	-2.58099E-4
2.57438E14	1.13142E-4
2.58162E14	9.85075E-5
2.58886E14	2.21112E-4
2.59611E14	2.12308E-4
2.60335E14	-2.85223E-4
2.61059E14	-8.79998E-5
2.61783E14	1.84384E-4
2.62507E14	5.16239E-4
2.63231E14	3.58771E-4
2.63955E14	8.55995E-4
2.64679E14	6.56142E-4
2.65403E14	6.55025E-4
2.66128E14	4.93842E-4
2.66852E14	2.99601E-4
2.67576E14	6.63964E-4
2.683E14	4.78305E-4
2.69024E14	4.13201E-4
2.69748E14	-1.7142E-4
2.70472E14	3.15504E-4
2.71196E14	-1.31914E-4
2.71921E14	3.27274E-4
2.72645E14	5.70277E-5
2.73369E14	0.00111
2.74093E14	6.72792E-4
2.74817E14	2.95668E-4
2.75541E14	4.92014E-4
2.76265E14	7.99248E-4
2.76989E14	1.55268E-4
2.77713E14	-5.31077E-5
2.78438E14	-2.90577E-4
2.79162E14	-3.16969E-4
2.79886E14	1.17328E-5
2.8061E14	-2.98936E-4
2.81334E14	8.58147E-5
2.82058E14	-4.93715E-4
2.82782E14	1.51104E-4
2.83506E14	-2.91827E-5
2.84231E14	1.98375E-4
2.84955E14	-2.2955E-4
2.85679E14	-1.71473E-4
2.86403E14	-2.80629E-4
2.87127E14	-1.18649E-4
2.87851E14	-1.55132E-4
2.88575E14	-1.23318E-4
2.89299E14	-9.13238E-5
2.90023E14	-4.41543E-4
2.90748E14	-3.5932E-4
2.91472E14	-3.83849E-5
2.92196E14	2.95426E-4
2.9292E14	-9.64709E-5
2.93644E14	-2.54987E-4
2.94368E14	-2.6383E-4
2.95092E14	-8.91283E-5
2.95816E14	-4.31971E-4
2.96541E14	-2.75712E-4
2.97265E14	-1.40005E-4
2.97989E14	-2.67793E-5
2.98713E14	-3.32933E-5
2.99437E14	-1.12866E-4
3.00161E14	3.03267E-4
3.00885E14	3.22776E-4
3.01609E14	-1.51832E-4
3.02333E14	2.1708E-4
3.03058E14	9.37818E-5
3.03782E14	-3.93941E-4
3.04506E14	-2.07522E-4
3.0523E14	8.04604E-4
3.05954E14	9.01477E-4
3.06678E14	5.22854E-4
3.07402E14	7.8054E-5
3.08126E14	2.61504E-4
3.08851E14	-6.79918E-5
3.09575E14	-5.8526E-5
3.10299E14	-2.28502E-4
3.11023E14	-1.99558E-4
3.11747E14	-7.63526E-4
3.12471E14	-2.15823E-4
3.13195E14	-2.07781E-4
3.13919E14	-2.69233E-4
3.14643E14	5.58812E-5
3.15368E14	-3.59041E-4
3.16092E14	-4.02048E-4
3.16816E14	-2.18745E-4
3.1754E14	1.34363E-4
3.18264E14	1.74119E-4
3.18988E14	-1.26932E-5
3.19712E14	-2.10704E-4
3.20436E14	-1.6068E-4
3.21161E14	-1.0846E-4
3.21885E14	4.31162E-4
3.22609E14	1.85171E-4
3.23333E14	-3.76006E-4
3.24057E14	-1.37162E-4
3.24781E14	3.3797E-5
3.25505E14	-2.95142E-4
3.26229E14	-3.51893E-4
3.26953E14	-5.33076E-4
3.27678E14	-3.97428E-4
3.28402E14	-4.9734E-5
3.29126E14	-5.38544E-4
3.2985E14	9.74396E-5
3.30574E14	-1.56037E-4
3.31298E14	1.42877E-4
3.32022E14	-1.72687E-4
3.32746E14	1.33345E-4
3.33471E14	1.70359E-4
3.34195E14	4.06259E-4
3.34919E14	1.58509E-4
3.35643E14	-2.27174E-4
3.36367E14	-6.60062E-5
3.37091E14	-3.51353E-4
3.37815E14	-4.57211E-4
3.38539E14	1.67993E-4
3.39263E14	-3.68156E-4
3.39988E14	-1.58513E-4
3.40712E14	-2.26413E-4
3.41436E14	-5.98195E-4
3.4216E14	-1.79415E-4
3.42884E14	-2.70131E-4
3.43608E14	-3.59457E-4
3.44332E14	2.68474E-4
3.45056E14	1.12406E-4
3.4578E14	2.81406E-5
3.46505E14	-1.3471E-4
3.47229E14	-5.29506E-4
3.47953E14	-1.68484E-5
3.48677E14	1.7502E-4
3.49401E14	-1.37128E-4
3.50125E14	-2.63497E-4
3.50849E14	5.50029E-5
3.51573E14	-3.54133E-4
3.52298E14	-4.65725E-4
3.53022E14	-2.59761E-4
3.53746E14	-3.85444E-4
3.5447E14	-2.37218E-4
3.55194E14	1.58883E-4
3.55918E14	-8.77095E-5
3.56642E14	-4.98454E-4
3.57366E14	-3.34518E-4
3.5809E14	-3.51374E-4
3.58815E14	-2.71524E-4
3.59539E14	-3.97562E-4
3.60263E14	5.50184E-5
3.60987E14	-2.42715E-4
3.61711E14	-1.64088E-4
3.62435E14	-3.7345E-4
3.63159E14	-8.09474E-5
3.63883E14	-7.07841E-4
3.64608E14	-1.4148E-4
3.65332E14	-2.09742E-4
3.66056E14	-2.18376E-4
3.6678E14	-3.94491E-4
3.67504E14	-2.80382E-4
3.68228E14	-3.13682E-4
3.68952E14	-4.63843E-4
3.69676E14	-2.46607E-4
3.704E14	-4.33482E-4
3.71125E14	-2.39832E-4
3.71849E14	-2.56572E-4
3.72573E14	-9.62274E-5
3.73297E14	5.45809E-4
3.74021E14	1.2486E-4
3.74745E14	-1.72223E-4
3.75469E14	-5.48805E-5
3.76193E14	8.59364E-5
3.76918E14	-3.36352E-4
3.77642E14	-1.24984E-4
3.78366E14	2.78991E-4
3.7909E14	-2.74305E-4
3.79814E14	-1.13612E-4
3.80538E14	-3.40777E-4
3.81262E14	-5.1415E-4
3.81986E14	-3.70348E-4
3.8271E14	-4.39518E-4
3.83435E14	-2.42845E-4
3.84159E14	-3.65423E-4
3.84883E14	2.69947E-4
3.85607E14	-5.2086E-5
3.86331E14	-4.98119E-4
3.87055E14	-2.64436E-4
3.87779E14	-4.9742E-4
3.88503E14	-1.31263E-4
3.89228E14	-5.07408E-4
3.89952E14	-1.52141E-4
3.90676E14	-8.38579E-5
3.914E14	-3.95879E-4
3.92124E14	-1.38128E-4
3.92848E14	-3.30363E-4
3.93572E14	-1.64152E-4
3.94296E14	-4.82724E-4
3.9502E14	1.49024E-4
3.95745E14	-9.85285E-5
3.96469E14	-3.08675E-4
3.97193E14	-2.50148E-4
3.97917E14	1.60301E-4
3.98641E14	-5.76454E-4
3.99365E14	-3.45553E-4
4.00089E14	3.48856E-5
4.00813E14	-1.96652E-4
4.01538E14	-5.26484E-4
4.02262E14	-3.10146E-4
4.02986E14	-3.52827E-5
4.0371E14	4.06407E-4
4.04434E14	3.7106E-6
4.05158E14	-3.93233E-4
4.05882E14	1.28405E-4
4.06606E14	-2.90121E-5
4.0733E14	5.35378E-4
4.08055E14	-1.2751E-4
4.08779E14	-2.71884E-4
4.09503E14	5.92772E-5
4.10227E14	1.38729E-5
4.10951E14	-3.37427E-4
4.11675E14	-5.40999E-4
4.12399E14	-3.91725E-6
4.13123E14	1.34769E-4
4.13848E14	1.5254E-4
4.14572E14	-3.21473E-4
4.15296E14	-3.0266E-5
4.1602E14	-3.31545E-4
4.16744E14	1.63753E-4
4.17468E14	4.03541E-4
4.18192E14	-9.84677E-5
4.18916E14	-2.40207E-5
4.1964E14	-4.29261E-4
4.20365E14	-2.62883E-4
4.21089E14	-1.61287E-4
4.21813E14	1.02725E-4
4.22537E14	1.60585E-4
4.23261E14	2.46311E-4
4.23985E14	2.48504E-5
4.24709E14	-2.67898E-4
4.25433E14	-5.01818E-4
4.26158E14	-1.72343E-4
4.26882E14	-1.41686E-4
4.27606E14	6.8451E-4
4.2833E14	5.15287E-4
4.29054E14	2.72561E-4
4.29778E14	1.14363E-4
4.30502E14	-4.04207E-4
4.31226E14	3.91208E-4
4.3195E14	-1.9088E-4
4.32675E14	-2.72743E-4
4.33399E14	-1.21563E-4
4.34123E14	-3.37677E-5
4.34847E14	3.47546E-4
4.35571E14	4.69366E-5
4.36295E14	-1.68213E-5
4.37019E14	4.97245E-4
4.37743E14	3.19987E-4
4.38468E14	5.14245E-4
4.39192E14	3.53396E-4
4.39916E14	-6.27131E-4
4.4064E14	2.42199E-4
4.41364E14	1.78217E-4
4.42088E14	4.10927E-4
4.42812E14	-2.92924E-4
4.43536E14	3.05792E-4
4.4426E14	-8.85454E-5
4.44985E14	1.47969E-4
4.45709E14	-3.13211E-4
4.46433E14	4.45094E-4
4.47157E14	2.90002E-4
4.47881E14	2.33627E-4
4.48605E14	5.39448E-5
4.49329E14	3.32824E-4
4.50053E14	-4.86054E-4
4.50778E14	-4.50139E-4
4.51502E14	-5.80723E-5
4.52226E14	4.4487E-6
4.5295E14	-2.08484E-4
4.53674E14	-2.40569E-4
4.54398E14	-4.5157E-5
4.55122E14	3.67457E-4
4.55846E14	2.52381E-4
4.5657E14	1.30357E-4
4.57295E14	-3.53171E-5
4.58019E14	-1.1767E-4
4.58743E14	4.35249E-5
4.59467E14	7.77972E-5
4.60191E14	7.27696E-4
4.60915E14	1.27444E-4
4.61639E14	-3.55167E-4
4.62363E14	-4.15278E-4
4.63087E14	-1.6941E-4
4.63812E14	-3.54722E-4
4.64536E14	-1.5355E-4
4.6526E14	-1.99087E-4
4.65984E14	-2.53555E-4
4.66708E14	-2.8681E-4
4.67432E14	-1.91542E-4
4.68156E14	-4.40157E-5
4.6888E14	7.84128E-5
4.69605E14	-7.01201E-6
4.70329E14	5.07105E-5
4.71053E14	-8.75044E-5
4.71777E14	-3.66524E-4
4.72501E14	-4.76131E-4
4.73225E14	-8.96718E-4
4.73949E14	-0.00105
4.74673E14	-5.53896E-4
4.75397E14	-3.65471E-4
4.76122E14	-4.51505E-4
4.76846E14	-5.13868E-4
4.7757E14	-3.55003E-4
4.78294E14	-6.91395E-4
4.79018E14	-7.27536E-4
4.79742E14	-4.29626E-4
4.80466E14	-3.81514E-4
4.8119E14	-6.04342E-4
4.81915E14	-4.41719E-4
4.82639E14	-6.40529E-4
4.83363E14	-4.09209E-5
4.84087E14	-9.78725E-4
4.84811E14	-0.0011
4.85535E14	-7.24869E-4
4.86259E14	-0.00108
4.86983E14	-0.00263
4.87707E14	-0.00157
4.88432E14	-0.00149
4.89156E14	-0.00199
4.8988E14	-0.00139
4.90604E14	-0.00127
4.91328E14	-0.00142
4.92052E14	-8.17552E-4
4.92776E14	-6.53257E-4
4.935E14	-3.87335E-4
4.94225E14	-5.41941E-4
4.94949E14	-5.42615E-4
4.95673E14	-5.98425E-4
4.96397E14	-5.89728E-4
4.97121E14	-7.86228E-4
4.97845E14	-7.99113E-4
4.98569E14	-3.35611E-4
4.99293E14	-7.17752E-4
5.00017E14	-6.2474E-4
5.00742E14	-5.33225E-4
5.01466E14	-6.57902E-4
5.0219E14	-2.20888E-4
5.02914E14	-3.17739E-4
5.03638E14	-6.59563E-4
5.04362E14	-3.25408E-4
5.05086E14	-3.81409E-4
5.0581E14	-4.95996E-4
5.06535E14	-5.41599E-4
5.07259E14	-7.65813E-4
5.07983E14	-3.69256E-4
5.08707E14	-5.51391E-4
5.09431E14	-6.21214E-4
5.10155E14	-7.87866E-4
5.10879E14	-6.95164E-4
5.11603E14	-6.33434E-4
5.12327E14	-5.76026E-4
5.13052E14	-8.30442E-4
5.13776E14	-6.14734E-4
5.145E14	-6.91799E-4
5.15224E14	-6.13823E-4
5.15948E14	-2.35864E-4
5.16672E14	-2.97268E-4
5.17396E14	-4.31664E-4
5.1812E14	-6.56232E-4
5.18845E14	-5.39582E-4
5.19569E14	-5.68526E-4
5.20293E14	-6.59044E-4
5.21017E14	-6.80355E-4
5.21741E14	-5.58757E-4
5.22465E14	-6.94869E-4
5.23189E14	-5.87155E-4
5.23913E14	-2.26245E-4
5.24637E14	-6.6971E-4
5.25362E14	-5.73039E-4
5.26086E14	-7.56722E-4
5.2681E14	-7.70265E-4
5.27534E14	-5.10849E-4
5.28258E14	-6.6661E-4
5.28982E14	-2.56194E-4
5.29706E14	-4.93875E-4
5.3043E14	-4.69238E-4
5.31155E14	-3.6242E-4
5.31879E14	-6.61921E-4
5.32603E14	-8.1622E-4
5.33327E14	-7.24902E-4
5.34051E14	-3.80655E-4
5.34775E14	-3.39666E-4
5.35499E14	-7.47837E-4
5.36223E14	-7.18254E-4
5.36947E14	-6.02787E-4
5.37672E14	-5.28571E-4
5.38396E14	-6.28769E-4
5.3912E14	-8.46521E-4
5.39844E14	-7.76049E-4
5.40568E14	-6.04596E-4
5.41292E14	-4.63752E-4
5.42016E14	-7.29466E-4
5.4274E14	-4.86662E-4
5.43465E14	-4.8317E-4
5.44189E14	-3.01696E-4
5.44913E14	-5.22989E-4
5.45637E14	-6.91155E-4
5.46361E14	-9.10956E-4
5.47085E14	-6.2903E-4
5.47809E14	-4.30756E-4
5.48533E14	-2.86568E-4
5.49257E14	-6.11991E-4
5.49982E14	-5.95854E-4
5.50706E14	-5.54738E-4
5.5143E14	-5.60998E-4
5.52154E14	-6.57158E-4
5.52878E14	-2.95332E-4
5.53602E14	-6.74132E-4
5.54326E14	-3.93164E-4
5.5505E14	-7.77112E-4
5.55775E14	-3.63087E-4
5.56499E14	-7.76506E-4
5.57223E14	-7.15021E-4
5.57947E14	-5.35311E-4
5.58671E14	-6.32849E-4
5.59395E14	-8.43113E-4
5.60119E14	-7.67112E-4
5.60843E14	-6.5152E-4
5.61567E14	-3.17589E-4
5.62292E14	-4.97278E-4
5.63016E14	-5.19284E-4
5.6374E14	-5.26807E-4
5.64464E14	-7.55591E-4
5.65188E14	-6.15015E-4
5.65912E14	-5.15652E-4
5.66636E14	-6.35852E-4
5.6736E14	-6.67333E-4
5.68085E14	-6.26079E-4
5.68809E14	-8.49814E-4
5.69533E14	-6.51442E-4
5.70257E14	-4.17594E-4
5.70981E14	-7.05252E-4
5.71705E14	-4.75675E-4
5.72429E14	-3.8303E-4
5.73153E14	-4.63924E-4
5.73877E14	-5.31767E-4
5.74602E14	-7.389E-4
5.75326E14	-8.72451E-4
5.7605E14	-8.53719E-4
5.76774E14	-9.36692E-4
5.77498E14	-4.84327E-4
5.78222E14	-3.69544E-4
5.78946E14	-9.22926E-4
5.7967E14	-6.06686E-4
5.80394E14	-7.57868E-4
5.81119E14	-8.41705E-4
5.81843E14	-6.34062E-4
5.82567E14	-8.63449E-4
5.83291E14	-8.4656E-4
5.84015E14	-6.10032E-4
5.84739E14	-6.17691E-4
5.85463E14	-6.91218E-4
5.86187E14	-5.58018E-4
5.86912E14	-4.55384E-4
5.87636E14	-6.65788E-4
5.8836E14	-6.24952E-4
5.89084E14	-6.62659E-4
5.89808E14	-5.72292E-4
5.90532E14	-0.00123
5.91256E14	-8.87953E-4
5.9198E14	-6.45929E-4
5.92704E14	-6.26413E-4
5.93429E14	-9.91916E-4
5.94153E14	-6.56639E-4
5.94877E14	-9.85073E-4
5.95601E14	-5.85715E-4
5.96325E14	-7.47041E-4
5.97049E14	-5.65865E-4
5.97773E14	-3.49741E-4
5.98497E14	-7.93613E-4
5.99222E14	-7.84005E-4
5.99946E14	-9.98104E-4
6.0067E14	-5.70674E-4
6.01394E14	-7.78995E-4
6.02118E14	-7.55202E-4
6.02842E14	-7.44731E-4
6.03566E14	-7.88578E-4
6.0429E14	-7.1705E-4
6.05014E14	-8.7607E-4
6.05739E14	-8.03735E-4
6.06463E14	-8.03844E-4
6.07187E14	-7.84347E-4
6.07911E14	-6.07256E-4
6.08635E14	-9.51233E-4
6.09359E14	-6.9914E-4
6.10083E14	-6.79985E-4
6.10807E14	-4.028E-4
6.11532E14	-6.69582E-4
6.12256E14	-0.00116
6.1298E14	-9.2976E-4
6.13704E14	-7.5936E-4
6.14428E14	-3.2814E-4
6.15152E14	-6.73311E-4
6.15876E14	-0.00104
6.166E14	-7.92259E-4
6.17324E14	-9.48696E-4
6.18049E14	-8.73517E-4
6.18773E14	-6.02587E-4
6.19497E14	-6.9241E-4
6.20221E14	-8.07319E-4
6.20945E14	-7.10651E-4
6.21669E14	-8.2864E-4
6.22393E14	-0.00106
6.23117E14	-9.45461E-4
6.23842E14	-5.65753E-4
6.24566E14	-7.17112E-4
6.2529E14	-7.67795E-4
6.26014E14	-9.43199E-4
6.26738E14	-8.93916E-4
6.27462E14	-8.12899E-4
6.28186E14	-6.11822E-4
6.2891E14	-5.29333E-4
6.29634E14	-8.87816E-4
6.30359E14	-6.12801E-4
6.31083E14	-9.08243E-4
6.31807E14	-9.68091E-4
6.32531E14	-8.21035E-4
6.33255E14	-7.56752E-4
6.33979E14	-9.44461E-4
6.34703E14	-8.21961E-4
6.35427E14	-4.35039E-4
6.36152E14	-6.56421E-4
6.36876E14	-7.53605E-4
6.376E14	-6.16908E-4
6.38324E14	-8.37574E-4
6.39048E14	-9.56155E-4
6.39772E14	-7.51283E-4
6.40496E14	-6.9738E-4
6.4122E14	-8.21187E-4
6.41944E14	-8.64602E-4
6.42669E14	-8.60726E-4
6.43393E14	-9.61258E-4
6.44117E14	-7.37978E-4
6.44841E14	-9.66496E-4
6.45565E14	-6.10795E-4
6.46289E14	-7.99788E-4
6.47013E14	-7.95009E-4
6.47737E14	-8.53089E-4
6.48462E14	-8.78989E-4
6.49186E14	-8.83739E-4
6.4991E14	-0.0011
6.50634E14	-9.789E-4
6.51358E14	-0.00101
6.52082E14	-8.1794E-4
6.52806E14	-9.96351E-4
6.5353E14	-9.09699E-4
6.54254E14	-0.00104
6.54979E14	-8.48696E-4
6.55703E14	-8.41686E-4
6.56427E14	-8.65092E-4
6.57151E14	-0.00102
6.57875E14	-0.00104
6.58599E14	-0.00127
6.59323E14	-7.64387E-4
6.60047E14	-0.0011
6.60772E14	-8.90451E-4
6.61496E14	-8.01465E-4
6.6222E14	-0.00102
6.62944E14	-0.00108
6.63668E14	-8.93938E-4
6.64392E14	-8.6765E-4
6.65116E14	-0.00102
6.6584E14	-8.26357E-4
6.66564E14	-9.94082E-4
6.67289E14	-0.00113
6.68013E14	-7.84109E-4
6.68737E14	-0.00111
6.69461E14	-5.91521E-4
6.70185E14	-7.85689E-4
6.70909E14	-5.57954E-4
6.71633E14	-0.00118
6.72357E14	-6.64441E-4
6.73082E14	-8.48654E-4
6.73806E14	-8.07473E-4
6.7453E14	-6.19851E-4
6.75254E14	-8.75387E-4
6.75978E14	-8.01496E-4
6.76702E14	-7.90515E-4
6.77426E14	-0.00101
6.7815E14	-7.29159E-4
6.78874E14	-7.51113E-4
6.79599E14	-0.00108
6.80323E14	-8.97223E-4
6.81047E14	-9.44393E-4
6.81771E14	-0.0011
6.82495E14	-0.00109
6.83219E14	-7.60322E-4
6.83943E14	-9.02228E-4
6.84667E14	-9.29633E-4
6.85392E14	-7.25413E-4
6.86116E14	-8.20791E-4
6.8684E14	-0.00111
6.87564E14	-8.03294E-4
6.88288E14	-7.36292E-4
6.89012E14	-8.26171E-4
6.89736E14	-0.00102
6.9046E14	-8.05994E-4
6.91184E14	-6.2182E-4
6.91909E14	-4.85897E-4
6.92633E14	-8.30439E-4
6.93357E14	-5.73954E-4
6.94081E14	-0.00104
6.94805E14	-0.00127
6.95529E14	-9.23555E-4
6.96253E14	-9.84284E-4
6.96977E14	-9.93039E-4
6.97701E14	-9.16838E-4
6.98426E14	-8.81857E-4
6.9915E14	-5.69408E-4
6.99874E14	-7.38522E-4
7.00598E14	-0.00113
7.01322E14	-0.00119
7.02046E14	-0.00113
7.0277E14	-9.08321E-4
7.03494E14	-0.00106
7.04219E14	-7.85437E-4
7.04943E14	-0.00118
7.05667E14	-9.66757E-4
7.06391E14	-8.31921E-4
7.07115E14	-7.99927E-4
7.07839E14	-8.11498E-4
7.08563E14	-9.02343E-4
7.09287E14	-0.00112
7.10011E14	-8.52824E-4
7.10736E14	-8.5822E-4
7.1146E14	-0.00115
7.12184E14	-0.00116
7.12908E14	-9.46166E-4
7.13632E14	-8.8162E-4
7.14356E14	-7.79504E-4
7.1508E14	-9.02328E-4
7.15804E14	-8.78719E-4
7.16529E14	-0.00101
7.17253E14	-0.00121
7.17977E14	-0.00132
7.18701E14	-8.70961E-4
7.19425E14	-0.00112
7.20149E14	-9.21714E-4
7.20873E14	-0.00112
7.21597E14	-0.00107
7.22321E14	-0.00102
7.23046E14	-9.7415E-4
7.2377E14	-8.39128E-4
7.24494E14	-0.00112
7.25218E14	-0.00122
7.25942E14	-9.8924E-4
7.26666E14	-0.00117
7.2739E14	-0.00108
7.28114E14	-0.00126
7.28839E14	-0.00117
7.29563E14	-0.00106
7.30287E14	-9.46548E-4
7.31011E14	-0.00122
7.31735E14	-0.001
7.32459E14	-9.63717E-4
7.33183E14	-7.12126E-4
7.33907E14	-9.04276E-4
7.34631E14	-0.00118
7.35356E14	-9.80647E-4
7.3608E14	-0.00136
7.36804E14	-0.00119
7.37528E14	-9.32821E-4
7.38252E14	-0.00135
7.38976E14	-0.0011
7.397E14	-8.77867E-4
7.40424E14	-0.00129
7.41149E14	-0.00138
7.41873E14	-0.00117
7.42597E14	-0.00112
7.43321E14	-0.00135
7.44045E14	-9.19768E-4
7.44769E14	-0.00117
7.45493E14	-0.00109
7.46217E14	-9.93577E-4
7.46941E14	-0.001
7.47666E14	-0.00127
7.4839E14	-0.00132
7.49114E14	-0.00108
7.49838E14	-9.89488E-4
7.50562E14	-9.23003E-4
7.51286E14	-7.90249E-4
7.5201E14	-0.00142
7.52734E14	-8.15644E-4
7.53459E14	-0.00131
7.54183E14	-0.00125
7.54907E14	-0.00112
7.55631E14	-8.71818E-4
7.56355E14	-7.65597E-4
7.57079E14	-8.66755E-4
7.57803E14	-9.3793E-4
7.58527E14	-0.00117
7.59251E14	-9.38006E-4
7.59976E14	-0.00126
7.607E14	-0.00127
7.61424E14	-0.00105
7.62148E14	-0.00101
7.62872E14	-0.00113
7.63596E14	-9.38707E-4
7.6432E14	-0.00109
7.65044E14	-0.00106
7.65769E14	-8.78846E-4
7.66493E14	-0.00106
7.67217E14	-0.00126
7.67941E14	-0.00119
7.68665E14	-9.32213E-4
7.69389E14	-0.00139
7.70113E14	-0.0011
7.70837E14	-0.00104
7.71561E14	-0.00125
7.72286E14	-0.00115
7.7301E14	-0.00108
7.73734E14	-0.00111
7.74458E14	-0.00109
7.75182E14	-8.48059E-4
7.75906E14	-0.00105
7.7663E14	-0.00131
7.77354E14	-0.00112
7.78079E14	-9.41664E-4
7.78803E14	-0.00121
7.79527E14	-8.49611E-4
7.80251E14	-0.00102
7.80975E14	-9.9363E-4
7.81699E14	-0.0011
7.82423E14	-6.294E-4
7.83147E14	-9.25568E-4
7.83871E14	-0.00131
7.84596E14	-0.00107
7.8532E14	-0.00123
7.86044E14	-0.00143
7.86768E14	-0.00107
7.87492E14	-9.24695E-4
7.88216E14	-0.00114
7.8894E14	-0.00131
7.89664E14	-8.44152E-4
7.90389E14	-8.89761E-4
7.91113E14	-0.00144
7.91837E14	-9.39883E-4
7.92561E14	-8.97311E-4
7.93285E14	-0.00104
7.94009E14	-0.00113
7.94733E14	-0.00136
7.95457E14	-9.01934E-4
7.96181E14	-0.001
7.96906E14	-0.00102
7.9763E14	-0.00104
7.98354E14	-0.0013
7.99078E14	-9.90731E-4
7.99802E14	-0.00121
8.00526E14	-0.00118
8.0125E14	-0.00109
8.01974E14	-0.00105
8.02699E14	-9.86447E-4
8.03423E14	-8.85405E-4
8.04147E14	-0.0011
8.04871E14	-0.001
8.05595E14	-0.00169
8.06319E14	-0.00101
8.07043E14	-0.00115
8.07767E14	-0.00114
8.08491E14	-0.00111
8.09216E14	-0.0011
8.0994E14	-0.00129
8.10664E14	-0.00157
8.11388E14	-0.00101
8.12112E14	-0.00142
8.12836E14	-0.00126
8.1356E14	-9.15616E-4
8.14284E14	-8.02055E-4
8.15008E14	-0.00144
8.15733E14	-0.00127
8.16457E14	-0.00122
8.17181E14	-0.00137
8.17905E14	-0.00144
8.18629E14	-0.00124
8.19353E14	-9.13641E-4
8.20077E14	-0.00139
8.20801E14	-7.81948E-4
8.21526E14	-8.80692E-4
8.2225E14	-0.00128
8.22974E14	-9.78657E-4
8.23698E14	-0.00108
8.24422E14	-0.00105
8.25146E14	-0.00116
8.2587E14	-0.0013
8.26594E14	-0.0013
8.27318E14	-0.00158
8.28043E14	-0.00153
8.28767E14	-0.00126
8.29491E14	-0.0011
8.30215E14	-0.00103
8.30939E14	-9.67947E-4
8.31663E14	-0.00113
8.32387E14	-0.00122
8.33111E14	-0.0012
8.33836E14	-0.00138
8.3456E14	-0.00173
8.35284E14	-0.00118
8.36008E14	-0.00158
8.36732E14	-0.00139
8.37456E14	-0.00133
8.3818E14	-0.00146
8.38904E14	-0.00155
8.39628E14	-0.00133
8.40353E14	-0.0014
8.41077E14	-0.0016
8.41801E14	-0.00142
8.42525E14	-0.0014
8.43249E14	-0.00133
8.43973E14	-0.00134
8.44697E14	-0.00124
8.45421E14	-0.00144
8.46146E14	-0.00122
8.4687E14	-0.00127
8.47594E14	-0.00123
8.48318E14	-0.00103
8.49042E14	-0.001
8.49766E14	-0.00126
8.5049E14	-9.72163E-4
8.51214E14	-0.00118
8.51938E14	-0.00129
8.52663E14	-0.00114
8.53387E14	-8.88379E-4
8.54111E14	-0.00125
8.54835E14	-0.00144
8.55559E14	-0.00129
8.56283E14	-0.0014
8.57007E14	-0.00196
8.57731E14	-0.00109
8.58456E14	-0.00157
8.5918E14	-0.00152
8.59904E14	-9.86703E-4
8.60628E14	-0.00112
8.61352E14	-9.49182E-4
8.62076E14	-0.00118
8.628E14	-0.00129
8.63524E14	-0.00129
8.64248E14	-9.97897E-4
8.64973E14	-0.00143
8.65697E14	-0.00129
8.66421E14	-0.00132
8.67145E14	-0.0012
8.67869E14	-0.00178
8.68593E14	-0.00131
8.69317E14	-0.00135
8.70041E14	-0.00123
8.70766E14	-0.00139
8.7149E14	-0.00123
8.72214E14	-0.0011
8.72938E14	-0.00103
8.73662E14	-0.00139
8.74386E14	-0.00147
8.7511E14	-0.00156
8.75834E14	-0.0013
8.76558E14	-0.00111
8.77283E14	-0.00149
8.78007E14	-0.00134
8.78731E14	-0.0013
8.79455E14	-0.00131
8.80179E14	-0.00111
8.80903E14	-0.00132
8.81627E14	-0.00171
8.82351E14	-0.00123
8.83076E14	-0.00122
8.838E14	-8.10679E-4
8.84524E14	-0.00102
8.85248E14	-0.0011
8.85972E14	-0.00116
8.86696E14	-0.00171
8.8742E14	-0.00119
8.88144E14	-0.00109
8.88868E14	-0.00105
8.89593E14	-0.00119
8.90317E14	-0.00142
8.91041E14	-0.00125
8.91765E14	-0.00159
8.92489E14	-0.00127
8.93213E14	-0.00111
8.93937E14	-0.00122
8.94661E14	-0.00157
8.95386E14	-0.00115
8.9611E14	-0.00102
8.96834E14	-0.00123
8.97558E14	-0.00112
8.98282E14	-0.00104
8.99006E14	-0.00105
8.9973E14	-0.00132
9.00454E14	-0.00151
9.01178E14	-0.00123
9.01903E14	-8.92913E-4
9.02627E14	-8.39988E-4
9.03351E14	-0.00119
9.04075E14	-0.00143
9.04799E14	-0.0017
9.05523E14	-0.00143
9.06247E14	-0.00127
9.06971E14	-0.00151
9.07696E14	-0.00188
9.0842E14	-0.00168
9.09144E14	-0.00208
9.09868E14	-0.00138
9.10592E14	-0.00131
9.11316E14	-0.00129
9.1204E14	-0.00108
9.12764E14	-9.38245E-4
9.13488E14	-0.00163
9.14213E14	-0.00148
9.14937E14	-0.00146
9.15661E14	-0.00111
9.16385E14	-0.00152
9.17109E14	-0.00107
9.17833E14	-0.00132
9.18557E14	-9.82649E-4
9.19281E14	-0.00155
9.20006E14	-0.00164
9.2073E14	-0.00117
9.21454E14	-0.0014
9.22178E14	-0.00158
9.22902E14	-0.00141
9.23626E14	-0.00171
9.2435E14	-0.00146
9.25074E14	-0.001
9.25798E14	-0.00124
9.26523E14	-0.00149
9.27247E14	-0.00127
9.27971E14	-0.00114
9.28695E14	-0.00131
9.29419E14	-0.00141
9.30143E14	-0.00121
9.30867E14	-0.00131
9.31591E14	-0.00156
9.32315E14	-9.43709E-4
9.3304E14	-0.00182
9.33764E14	-0.00181
9.34488E14	-0.00146
9.35212E14	-0.00175
9.35936E14	-0.00154
9.3666E14	-0.00136
9.37384E14	-0.00158
9.38108E14	-0.00166
9.38833E14	-0.00161
9.39557E14	-0.00154
9.40281E14	-0.00153
9.41005E14	-0.00112
9.41729E14	-0.00155
9.42453E14	-0.00156
9.43177E14	-0.00112
9.43901E14	-0.00165
9.44625E14	-0.00134
9.4535E14	-0.00164
9.46074E14	-0.00156
9.46798E14	-0.00162
9.47522E14	-0.00128
9.48246E14	-0.00107
9.4897E14	-0.00124
9.49694E14	-0.00164
9.50418E14	-0.00137
9.51143E14	-0.0012
9.51867E14	-0.00125
9.52591E14	-0.00106
9.53315E14	-9.01356E-4
9.54039E14	-0.00178
9.54763E14	-0.0014
9.55487E14	-0.00171
9.56211E14	-0.00169
9.56935E14	-0.00151
9.5766E14	-0.00156
9.58384E14	-0.00143
9.59108E14	-0.0016
9.59832E14	-0.00129
9.60556E14	-0.00158
9.6128E14	-0.00155
9.62004E14	-0.00171
9.62728E14	-9.45972E-4
9.63453E14	-0.00163
9.64177E14	-0.00163
9.64901E14	-0.0013
9.65625E14	-0.00118
9.66349E14	-0.00123
9.67073E14	-0.00115
9.67797E14	-0.00162
9.68521E14	-0.00132
9.69245E14	-9.79512E-4
9.6997E14	-0.00173
9.70694E14	-0.00175
9.71418E14	-0.00131
9.72142E14	-0.001
9.72866E14	-0.00144
9.7359E14	-0.00161
9.74314E14	-0.00128
9.75038E14	-0.00144
9.75763E14	-0.00122
9.76487E14	-0.00117
9.77211E14	-0.00109
9.77935E14	-0.00145
9.78659E14	-0.00163
9.79383E14	-0.00115
9.80107E14	-0.00184
9.80831E14	-0.00114
9.81555E14	-0.00114
9.8228E14	-0.00105
9.83004E14	-0.00136
9.83728E14	-0.00149
9.84452E14	-0.00163
9.85176E14	-0.00152
9.859E14	-0.00173
9.86624E14	-0.00142
9.87348E14	-0.00212
9.88073E14	-0.00182
9.88797E14	-0.0013
9.89521E14	-0.00133
9.90245E14	-0.00136
9.90969E14	-0.00137
9.91693E14	-0.00105
9.92417E14	-9.99575E-4
9.93141E14	-0.00141
9.93865E14	-0.00123
9.9459E14	-0.00144
9.95314E14	-0.00115
9.96038E14	-0.00162
9.96762E14	-0.00125
9.97486E14	-0.00128
9.9821E14	-0.00111
9.98934E14	-0.00108
9.99658E14	-0.00156
1.00038E15	-0.00131
1.00111E15	-0.00158
1.00183E15	-0.00133
1.00255E15	-0.0012
1.00328E15	-0.00123
1.004E15	-0.00139
1.00473E15	-0.00104
1.00545E15	-0.00113
1.00618E15	-0.00115
1.0069E15	-0.0014
1.00762E15	-0.00128
1.00835E15	-0.00133
1.00907E15	-0.00172
1.0098E15	-0.00208
1.01052E15	-0.00166
1.01124E15	-0.00155
1.01197E15	-0.00158
1.01269E15	-0.00146
1.01342E15	-0.00139
1.01414E15	-0.00188
1.01486E15	-0.00165
1.01559E15	-0.00169
1.01631E15	-0.00168
1.01704E15	-0.0013
1.01776E15	-0.00114
1.01849E15	-0.00141
1.01921E15	-0.00152
1.01993E15	-0.00164
1.02066E15	-0.00182
1.02138E15	-0.00182
1.02211E15	-0.00138
1.02283E15	-0.00142
1.02355E15	-0.00133
1.02428E15	-0.00179
1.025E15	-0.00159
1.02573E15	-0.00172
1.02645E15	-0.00166
1.02717E15	-0.00143
1.0279E15	-0.0013
1.02862E15	-0.00149
1.02935E15	-0.00151
1.03007E15	-0.00157
1.0308E15	-0.00132
1.03152E15	-0.00139
1.03224E15	-0.00118
1.03297E15	-0.00168
1.03369E15	-0.00124
1.03442E15	-0.00139
1.03514E15	-0.0011
1.03586E15	-0.00122
1.03659E15	-0.00175
1.03731E15	-0.00117
1.03804E15	-8.29698E-4
1.03876E15	-0.0014
1.03948E15	-0.00171
1.04021E15	-0.0014
1.04093E15	-0.00146
1.04166E15	-0.00152
1.04238E15	-0.00183
1.04311E15	-0.00159
1.04383E15	-0.00131
1.04455E15	-0.00146
1.04528E15	-0.00134
1.046E15	-0.00175
1.04673E15	-0.00156
1.04745E15	-0.00207
1.04817E15	-0.00173
1.0489E15	-0.00186
1.04962E15	-0.00173
1.05035E15	-0.00133
1.05107E15	-0.00166
1.05179E15	-0.0014
1.05252E15	-0.00126
1.05324E15	-0.00184
1.05397E15	-0.00163
1.05469E15	-0.00151
1.05542E15	-0.00157
1.05614E15	-0.00155
1.05686E15	-0.00166
1.05759E15	-0.00176
1.05831E15	-0.00171
1.05904E15	-0.00115
1.05976E15	-0.00119
1.06048E15	-0.00146
1.06121E15	-0.00125
1.06193E15	-0.00137
1.06266E15	-0.00191
1.06338E15	-0.00141
1.0641E15	-0.00125
1.06483E15	-0.00155
1.06555E15	-0.00177
1.06628E15	-0.0019
1.067E15	-0.0017
1.06773E15	-0.00132
1.06845E15	-0.00151
1.06917E15	-0.00176
1.0699E15	-0.00117
1.07062E15	-0.00178
1.07135E15	-0.00198
1.07207E15	-0.00131
1.07279E15	-0.00176
1.07352E15	-0.00179
1.07424E15	-0.00155
1.07497E15	-0.00145
1.07569E15	-0.00122
1.07641E15	-0.00166
1.07714E15	-0.00131
1.07786E15	-0.0011
1.07859E15	-0.00126
1.07931E15	-0.00154
1.08004E15	-0.00183
1.08076E15	-0.00116
1.08148E15	-0.00146
1.08221E15	-0.00112
1.08293E15	-0.00204
1.08366E15	-0.00164
1.08438E15	-0.00159
1.0851E15	-0.0021
1.08583E15	-0.00172
1.08655E15	-0.00137
1.08728E15	-0.00129
1.088E15	-0.0017
1.08872E15	-0.00185
1.08945E15	-0.00154
1.09017E15	-0.00161
1.0909E15	-8.50646E-4
1.09162E15	-0.00185
1.09235E15	-0.0018
1.09307E15	-9.29635E-4
1.09379E15	-0.00168
1.09452E15	-0.00159
1.09524E15	-0.00162
1.09597E15	-0.00148
1.09669E15	-0.00107
1.09741E15	-7.91007E-4
1.09814E15	-0.00158
1.09886E15	-9.20743E-4
1.09959E15	-0.00138
1.10031E15	-0.00128
1.10103E15	-0.0016
1.10176E15	-0.00193
1.10248E15	-0.00136
1.10321E15	-0.00147
1.10393E15	-0.0018
1.10466E15	-0.00171
1.10538E15	-0.00166
1.1061E15	-0.00164
1.10683E15	-0.00167
1.10755E15	-0.00118
1.10828E15	-0.00121
1.109E15	-0.00168
1.10972E15	-0.00163
1.11045E15	-0.00173
1.11117E15	-0.00138
1.1119E15	-0.00163
1.11262E15	-0.00163
1.11334E15	-0.0015
1.11407E15	-0.00141
1.11479E15	-0.00143
1.11552E15	-0.00164
1.11624E15	-0.00162
1.11697E15	-0.00175
1.11769E15	-0.00167
1.11841E15	-0.00165
1.11914E15	-0.00146
1.11986E15	-0.00128
1.12059E15	-0.00144
1.12131E15	-0.00148
1.12203E15	-0.00171
1.12276E15	-0.00179
1.12348E15	-0.00133
1.12421E15	-0.00138
1.12493E15	-0.00132
1.12565E15	-0.00154
1.12638E15	-0.00154
1.1271E15	-0.00185
1.12783E15	-0.00163
1.12855E15	-0.00185
1.12928E15	-0.00157
1.13E15	-0.00204
1.13072E15	-0.00205
1.13145E15	-0.00184
1.13217E15	-0.00186
1.1329E15	-0.00142
1.13362E15	-0.00142
1.13434E15	-0.00183
1.13507E15	-0.00218
1.13579E15	-0.002
1.13652E15	-0.00128
1.13724E15	-0.00165
1.13796E15	-0.00112
1.13869E15	-0.00179
1.13941E15	-0.00162
1.14014E15	-0.00198
1.14086E15	-0.00202
1.14159E15	-0.00217
1.14231E15	-0.00177
1.14303E15	-0.00146
1.14376E15	-0.00193
1.14448E15	-0.00131
1.14521E15	-0.0013
1.14593E15	-0.00184
1.14665E15	-0.00156
1.14738E15	-0.0014
1.1481E15	-0.00134
1.14883E15	-0.00155
1.14955E15	-0.00228
1.15027E15	-0.00134
1.151E15	-0.00141
1.15172E15	-0.00183
1.15245E15	-0.00227
1.15317E15	-0.00107
1.1539E15	-0.00145
1.15462E15	-0.00186
1.15534E15	-0.00165
1.15607E15	-0.0015
1.15679E15	-0.00126
1.15752E15	-0.00175
1.15824E15	-0.00112
1.15896E15	-0.00143
1.15969E15	-0.0012
1.16041E15	-0.00139
1.16114E15	-0.00196
1.16186E15	-0.00201
1.16258E15	-0.00173
1.16331E15	-0.00146
1.16403E15	-0.00148
1.16476E15	-0.00204
1.16548E15	-0.00132
1.16621E15	-0.00149
1.16693E15	-0.0015
1.16765E15	-0.00188
1.16838E15	-0.00161
1.1691E15	-0.0014
1.16983E15	-0.00142
1.17055E15	-0.00178
1.17127E15	-0.00119
1.172E15	-0.001
1.17272E15	-0.00222
1.17345E15	-0.00188
1.17417E15	-0.0019
1.17489E15	-0.00158
1.17562E15	-0.00159
1.17634E15	-0.00167
1.17707E15	-0.00185
1.17779E15	-0.00116
1.17852E15	-0.00143
1.17924E15	-0.00164
1.17996E15	-0.00152
1.18069E15	-0.00182
1.18141E15	-0.00171
1.18214E15	-0.00184
1.18286E15	-0.00127
1.18358E15	-0.00184
1.18431E15	-0.00138
1.18503E15	-0.00187
1.18576E15	-0.00192
1.18648E15	-0.00186
1.1872E15	-0.00172
1.18793E15	-0.00161
1.18865E15	-0.00201
1.18938E15	-0.00167
1.1901E15	-0.00116
1.19083E15	-0.00149
1.19155E15	-0.00137
1.19227E15	-0.00116
1.193E15	-0.00161
1.19372E15	-0.00198
1.19445E15	-0.00169
1.19517E15	-0.0017
1.19589E15	-0.00224
1.19662E15	-0.00112
1.19734E15	-0.0015
1.19807E15	-0.00176
1.19879E15	-0.00183
1.19951E15	-0.00195
1.20024E15	-9.51386E-4
1.20096E15	-0.00159
1.20169E15	-0.00132
1.20241E15	-0.00163
1.20314E15	-0.00166
1.20386E15	-0.00134
1.20458E15	-0.00178
1.20531E15	-0.0017
1.20603E15	-0.00156
1.20676E15	-0.00141
1.20748E15	-0.00192
1.2082E15	-0.00191
1.20893E15	-0.00243
1.20965E15	-0.0019
1.21038E15	-0.00231
1.2111E15	-0.0015
1.21182E15	-0.00149
1.21255E15	-0.00142
1.21327E15	-0.00127
1.214E15	-0.00149
1.21472E15	-0.00202
1.21545E15	-0.00196
1.21617E15	-0.00197
1.21689E15	-0.00127
1.21762E15	-0.00161
1.21834E15	-0.00162
1.21907E15	-0.0016
1.21979E15	-0.0016
1.22051E15	-0.00147
1.22124E15	-0.00199
1.22196E15	-0.00183
1.22269E15	-0.00193
1.22341E15	-9.02582E-4
1.22413E15	-0.00195
1.22486E15	-0.00169
1.22558E15	-0.00159
1.22631E15	-0.00172
1.22703E15	-0.00181
1.22776E15	-0.00152
1.22848E15	-0.00186
1.2292E15	-0.00218
1.22993E15	-0.0018
1.23065E15	-0.00176
1.23138E15	-0.00214
1.2321E15	-0.00191
1.23282E15	-0.00155
1.23355E15	-0.00207
1.23427E15	-0.00189
1.235E15	-0.00164
1.23572E15	-0.00114
1.23644E15	-0.00146
1.23717E15	-0.00189
1.23789E15	-0.00203
1.23862E15	-0.00168
1.23934E15	-0.00164
1.24007E15	-0.00184
1.24079E15	-0.00169
1.24151E15	-0.00218
1.24224E15	-0.00168
1.24296E15	-0.00151
1.24369E15	-0.00116
1.24441E15	-0.00189
1.24513E15	-0.00223
1.24586E15	-0.00202
1.24658E15	-0.00198
1.24731E15	-0.00223
1.24803E15	-0.00145
1.24875E15	-0.002
1.24948E15	-0.00187
1.2502E15	-0.00182
1.25093E15	-0.00174
1.25165E15	-0.0019
1.25238E15	-0.00199
1.2531E15	-0.00157
1.25382E15	-0.00209
1.25455E15	-0.0023
1.25527E15	-0.00185
1.256E15	-0.00161
1.25672E15	-0.00138
1.25744E15	-0.00213
1.25817E15	-0.00147
1.25889E15	-9.38893E-4
1.25962E15	-0.00211
1.26034E15	-0.00136
1.26106E15	-0.00145
1.26179E15	-0.00158
1.26251E15	-0.00206
1.26324E15	-0.00211
1.26396E15	-0.00222
1.26469E15	-0.00173
1.26541E15	-0.00151
1.26613E15	-0.00167
1.26686E15	-0.00148
1.26758E15	-0.0018
1.26831E15	-0.00109
1.26903E15	-0.00134
1.26975E15	-0.00145
1.27048E15	-0.00148
1.2712E15	-0.00221
1.27193E15	-0.00201
1.27265E15	-0.00226
1.27337E15	-0.0016
1.2741E15	-0.00154
1.27482E15	-0.00189
1.27555E15	-0.0017
1.27627E15	-0.0011
1.277E15	-0.00146
1.27772E15	-0.00188
1.27844E15	-0.00197
1.27917E15	-0.00178
1.27989E15	-0.00186
1.28062E15	-0.00199
1.28134E15	-0.00187
1.28206E15	-0.00173
1.28279E15	-0.00142
1.28351E15	-0.00208
1.28424E15	-0.00203
1.28496E15	-0.00186
1.28568E15	-0.00173
1.28641E15	-0.00193
1.28713E15	-0.00163
1.28786E15	-0.00229
1.28858E15	-0.00206
1.28931E15	-0.0017
1.29003E15	-0.00151
1.29075E15	-0.00223
1.29148E15	-0.00197
1.2922E15	-0.0021
1.29293E15	-0.00207
1.29365E15	-0.00158
1.29437E15	-0.00169
1.2951E15	-0.00198
1.29582E15	-0.00243
1.29655E15	-0.00221
1.29727E15	-0.00118
1.29799E15	-9.61483E-4
1.29872E15	-0.00174
1.29944E15	-0.00202
1.30017E15	-0.00151
1.30089E15	-0.00174
1.30162E15	-0.00178
1.30234E15	-0.00204
1.30306E15	-0.00188
1.30379E15	-0.00203
1.30451E15	-0.00257
1.30524E15	-0.0022
1.30596E15	-0.00186
1.30668E15	-0.00148
1.30741E15	-0.00224
1.30813E15	-0.00204
1.30886E15	-0.00209
1.30958E15	-0.00245
1.3103E15	-0.00216
1.31103E15	-0.00202
1.31175E15	-0.00148
1.31248E15	-0.00193
1.3132E15	-0.00184
1.31393E15	-0.00237
1.31465E15	-0.00199
1.31537E15	-8.82772E-4
1.3161E15	-0.00149
1.31682E15	-0.00173
1.31755E15	-0.0013
1.31827E15	-0.00157
1.31899E15	-0.00216
1.31972E15	-0.00133
1.32044E15	-0.00173
1.32117E15	-0.00173
1.32189E15	-0.00177
1.32261E15	-0.00169
1.32334E15	-0.0019
1.32406E15	-0.00292
1.32479E15	-0.00256
1.32551E15	-0.00399
1.32624E15	-0.00436
1.32696E15	-0.00472
1.32768E15	-0.00595
1.32841E15	-0.00304
1.32913E15	-0.00297
1.32986E15	-0.00258
1.33058E15	-0.00143
1.3313E15	-0.00519
1.33203E15	-0.00646
1.33275E15	-0.00347
1.33348E15	-0.00525
1.3342E15	-0.00505
1.33492E15	-0.00448
1.33565E15	-0.01154
1.33637E15	-0.00504
1.3371E15	-0.00601
1.33782E15	-0.00638
1.33855E15	-0.00743
1.33927E15	-0.01178
1.33999E15	-0.01468
1.34072E15	-0.01335
1.34144E15	-0.0128
1.34217E15	-0.01296
1.34289E15	-0.00901
1.34361E15	-0.00946
1.34434E15	-0.00759
1.34506E15	-0.00596
1.34579E15	-0.0054
1.34651E15	-0.00513
1.34723E15	-0.00344
1.34796E15	-0.00374
1.34868E15	-0.00423
1.34941E15	-0.00452
1.35013E15	-0.00299
1.35086E15	-0.00339
1.35158E15	-0.00239
1.3523E15	-0.00249
1.35303E15	-0.00255
1.35375E15	-0.00154
1.35448E15	-0.00189
1.3552E15	-0.00152
1.35592E15	-0.00188
1.35665E15	-0.0022
1.35737E15	-0.00128
1.3581E15	-0.00147
1.35882E15	-0.00187
1.35954E15	-0.00246
1.36027E15	-0.00234
1.36099E15	-0.00169
1.36172E15	-0.00217
1.36244E15	-0.00232
1.36317E15	-0.00202
1.36389E15	-0.00191
1.36461E15	-0.00172
1.36534E15	-0.00225
1.36606E15	-0.00251
1.36679E15	-0.00214
1.36751E15	-0.00191
1.36823E15	-0.00142
1.36896E15	-0.00202
1.36968E15	-0.00212
1.37041E15	-0.00273
1.37113E15	-0.00164
1.37185E15	-0.00152
1.37258E15	-0.00253
1.3733E15	-0.00201
1.37403E15	-0.0016
1.37475E15	-0.00226
1.37548E15	-0.00189
1.3762E15	-0.00145
1.37692E15	-0.00197
1.37765E15	-0.00228
1.37837E15	-0.00237
1.3791E15	-0.00184
1.37982E15	-0.00145
1.38054E15	-0.00114
1.38127E15	-0.00188
1.38199E15	-0.00184
1.38272E15	-0.00219
1.38344E15	-0.00244
1.38416E15	-0.00288
1.38489E15	-0.00214
1.38561E15	-0.00188
1.38634E15	-0.00247
1.38706E15	-0.0022
1.38779E15	-0.00226
1.38851E15	-0.00233
1.38923E15	-0.00225
1.38996E15	-0.00274
1.39068E15	-0.0025
1.39141E15	-0.00213
1.39213E15	-0.00223
1.39285E15	-0.00181
1.39358E15	-0.00212
1.3943E15	-0.00246
1.39503E15	-0.00256
1.39575E15	-0.00262
1.39647E15	-0.00223
1.3972E15	-0.00154
1.39792E15	-0.00222
1.39865E15	-0.00216
1.39937E15	-0.00244
1.4001E15	-0.00243
1.40082E15	-0.00243
1.40154E15	-0.00299
1.40227E15	-0.0026
1.40299E15	-0.00215
1.40372E15	-0.00229
1.40444E15	-0.00246
1.40516E15	-0.00228
1.40589E15	-0.0019
1.40661E15	-0.00171
1.40734E15	-0.00192
1.40806E15	-0.0025
1.40878E15	-0.00204
1.40951E15	-0.00205
1.41023E15	-0.00216
1.41096E15	-0.00262
1.41168E15	-0.00253
1.41241E15	-0.00152
1.41313E15	-0.00177
1.41385E15	-0.00238
1.41458E15	-0.00163
1.4153E15	-0.0025
1.41603E15	-0.00225
1.41675E15	-0.00218
1.41747E15	-0.00191
1.4182E15	-0.00142
1.41892E15	-0.00151
1.41965E15	-0.00158
1.42037E15	-0.00189
1.42109E15	-0.00201
1.42182E15	-0.00183
1.42254E15	-0.0018
1.42327E15	-0.00147
1.42399E15	-0.00121
1.42472E15	-0.00147
1.42544E15	-0.00257
1.42616E15	-0.00193
1.42689E15	-0.0018
1.42761E15	-0.00237
1.42834E15	-0.00274
1.42906E15	-0.00218
1.42978E15	-0.00224
1.43051E15	-0.0018
1.43123E15	-0.00163
1.43196E15	-0.00234
1.43268E15	-0.0017
1.4334E15	-0.00171
1.43413E15	-0.00289
1.43485E15	-0.00225
1.43558E15	-0.00197
1.4363E15	-0.002
1.43703E15	-0.00209
1.43775E15	-0.0026
1.43847E15	-0.00199
1.4392E15	-0.00153
1.43992E15	-0.00246
1.44065E15	-0.00284
1.44137E15	-0.00253
1.44209E15	-0.00166
1.44282E15	-0.0022