Frequency (Hz)  Abs (abs)
-8.99085E14	8.40475E-5
-8.9836E14	-2.65666E-5
-8.97634E14	4.04486E-5
-8.96909E14	-5.99574E-6
-8.96183E14	1.95368E-5
-8.95458E14	-3.41503E-6
-8.94733E14	-3.90564E-5
-8.94007E14	-1.46214E-5
-8.93282E14	3.98589E-5
-8.92556E14	-2.72523E-5
-8.91831E14	-2.02898E-5
-8.91106E14	5.86252E-5
-8.9038E14	6.16122E-5
-8.89655E14	7.26004E-5
-8.88929E14	2.44865E-5
-8.88204E14	-2.71744E-5
-8.87479E14	-1.01188E-5
-8.86753E14	-8.04668E-6
-8.86028E14	3.39876E-5
-8.85302E14	6.82477E-5
-8.84577E14	-3.94555E-5
-8.83852E14	1.23118E-5
-8.83126E14	6.34627E-5
-8.82401E14	1.83287E-5
-8.81675E14	8.84749E-6
-8.8095E14	-5.66198E-6
-8.80225E14	-4.64258E-5
-8.79499E14	-2.7331E-5
-8.78774E14	-1.56597E-5
-8.78048E14	8.22635E-6
-8.77323E14	-5.08667E-5
-8.76598E14	-4.76264E-5
-8.75872E14	1.2503E-5
-8.75147E14	-2.04602E-5
-8.74421E14	2.15952E-5
-8.73696E14	1.05083E-4
-8.72971E14	4.6255E-5
-8.72245E14	3.76888E-5
-8.7152E14	5.90332E-5
-8.70794E14	1.43964E-6
-8.70069E14	3.58327E-5
-8.69344E14	4.34828E-5
-8.68618E14	-1.46963E-6
-8.67893E14	1.93238E-6
-8.67167E14	-3.12778E-5
-8.66442E14	-8.9694E-7
-8.65717E14	6.39639E-5
-8.64991E14	-2.14489E-5
-8.64266E14	-5.59738E-5
-8.6354E14	1.0387E-6
-8.62815E14	-2.14092E-5
-8.6209E14	-2.74142E-5
-8.61364E14	4.64037E-5
-8.60639E14	1.8898E-5
-8.59913E14	-5.13334E-5
-8.59188E14	-2.74654E-5
-8.58463E14	-5.60305E-5
-8.57737E14	1.08383E-5
-8.57012E14	-3.26505E-6
-8.56286E14	-5.78297E-5
-8.55561E14	-1.21252E-5
-8.54836E14	-7.0004E-6
-8.5411E14	-2.49672E-6
-8.53385E14	-1.66829E-5
-8.52659E14	-4.05936E-5
-8.51934E14	-3.42172E-5
-8.51209E14	5.44794E-5
-8.50483E14	1.86963E-5
-8.49758E14	-4.99204E-5
-8.49032E14	-4.04447E-5
-8.48307E14	-5.45051E-5
-8.47582E14	1.86934E-6
-8.46856E14	1.24854E-5
-8.46131E14	3.37706E-5
-8.45405E14	-3.26422E-5
-8.4468E14	-5.91837E-5
-8.43955E14	-2.88449E-5
-8.43229E14	-1.58446E-5
-8.42504E14	-1.12066E-5
-8.41778E14	-1.42205E-5
-8.41053E14	5.19116E-5
-8.40328E14	3.311E-5
-8.39602E14	-4.16537E-5
-8.38877E14	-5.36172E-5
-8.38151E14	-2.86436E-5
-8.37426E14	-2.36311E-5
-8.36701E14	-1.1093E-5
-8.35975E14	-4.36728E-5
-8.3525E14	-9.18369E-6
-8.34524E14	3.95795E-5
-8.33799E14	2.50638E-6
-8.33074E14	-2.50934E-5
-8.32348E14	9.21548E-6
-8.31623E14	-2.20999E-5
-8.30897E14	4.51232E-5
-8.30172E14	6.1415E-5
-8.29447E14	1.58768E-5
-8.28721E14	-1.6857E-5
-8.27996E14	6.83526E-6
-8.2727E14	-2.62752E-5
-8.26545E14	1.70695E-6
-8.2582E14	-1.1175E-5
-8.25094E14	-1.74075E-5
-8.24369E14	-6.38046E-6
-8.23643E14	-2.1048E-5
-8.22918E14	1.85737E-6
-8.22193E14	6.59311E-5
-8.21467E14	-1.16509E-5
-8.20742E14	1.02927E-5
-8.20016E14	8.4487E-5
-8.19291E14	6.50449E-5
-8.18566E14	2.06992E-6
-8.1784E14	-1.66424E-5
-8.17115E14	4.16891E-5
-8.16389E14	6.51574E-5
-8.15664E14	7.99751E-5
-8.14939E14	6.8918E-6
-8.14213E14	4.4181E-5
-8.13488E14	5.258E-6
-8.12762E14	-3.1557E-5
-8.12037E14	-1.99622E-5
-8.11312E14	5.56464E-5
-8.10586E14	4.26805E-5
-8.09861E14	2.70923E-5
-8.09135E14	1.003E-4
-8.0841E14	2.89851E-5
-8.07685E14	3.76828E-6
-8.06959E14	4.43032E-5
-8.06234E14	2.44667E-5
-8.05508E14	-3.44908E-5
-8.04783E14	6.4855E-5
-8.04058E14	6.16552E-6
-8.03332E14	-4.81045E-5
-8.02607E14	-3.72205E-5
-8.01881E14	-2.88631E-5
-8.01156E14	6.43332E-6
-8.00431E14	-2.29073E-6
-7.99705E14	-1.66458E-5
-7.9898E14	-4.04759E-5
-7.98254E14	-3.35549E-5
-7.97529E14	-4.49039E-5
-7.96804E14	-4.97278E-5
-7.96078E14	-2.95512E-5
-7.95353E14	1.13809E-5
-7.94627E14	-3.19695E-5
-7.93902E14	-3.03846E-5
-7.93177E14	-3.37739E-6
-7.92451E14	3.74337E-5
-7.91726E14	9.3106E-5
-7.91E14	6.90755E-6
-7.90275E14	-4.70774E-5
-7.8955E14	2.29471E-5
-7.88824E14	-2.26541E-6
-7.88099E14	4.23926E-5
-7.87373E14	-4.05814E-5
-7.86648E14	-3.44842E-5
-7.85923E14	-5.50495E-6
-7.85197E14	-4.40791E-5
-7.84472E14	-3.06593E-5
-7.83746E14	9.79397E-6
-7.83021E14	-2.01093E-5
-7.82296E14	-5.09896E-5
-7.8157E14	-1.0133E-5
-7.80845E14	1.54031E-6
-7.80119E14	-3.35509E-5
-7.79394E14	1.52494E-5
-7.78669E14	-3.74301E-5
-7.77943E14	-3.63049E-5
-7.77218E14	-9.74921E-7
-7.76492E14	-4.19947E-5
-7.75767E14	1.34813E-5
-7.75042E14	2.01351E-5
-7.74316E14	6.06922E-5
-7.73591E14	-4.57105E-6
-7.72865E14	1.55393E-5
-7.7214E14	2.92264E-5
-7.71415E14	-3.63662E-5
-7.70689E14	-2.74473E-5
-7.69964E14	3.089E-5
-7.69238E14	6.48023E-5
-7.68513E14	7.21995E-5
-7.67788E14	5.86286E-5
-7.67062E14	2.10498E-6
-7.66337E14	1.50469E-6
-7.65611E14	2.48131E-5
-7.64886E14	-3.12904E-5
-7.64161E14	2.89716E-6
-7.63435E14	-2.34618E-5
-7.6271E14	2.37907E-5
-7.61984E14	1.22044E-6
-7.61259E14	1.41528E-5
-7.60534E14	-2.78787E-5
-7.59808E14	3.46096E-6
-7.59083E14	2.18767E-5
-7.58357E14	3.85863E-5
-7.57632E14	4.5882E-5
-7.56907E14	1.28538E-5
-7.56181E14	-2.56409E-6
-7.55456E14	6.4374E-5
-7.5473E14	5.26656E-5
-7.54005E14	8.38946E-6
-7.5328E14	4.21012E-5
-7.52554E14	7.21935E-6
-7.51829E14	-3.62603E-5
-7.51103E14	2.99666E-5
-7.50378E14	7.28227E-6
-7.49653E14	4.93067E-6
-7.48927E14	3.0698E-5
-7.48202E14	-5.98944E-5
-7.47476E14	-8.11265E-5
-7.46751E14	8.75187E-6
-7.46026E14	-1.40999E-5
-7.453E14	-7.14059E-6
-7.44575E14	-3.03601E-5
-7.43849E14	2.77526E-5
-7.43124E14	-3.54444E-6
-7.42399E14	-5.17182E-5
-7.41673E14	-5.49278E-6
-7.40948E14	-6.17996E-6
-7.40222E14	9.23973E-6
-7.39497E14	-3.85455E-5
-7.38772E14	2.72454E-5
-7.38046E14	2.54848E-5
-7.37321E14	-7.12869E-5
-7.36595E14	-4.02847E-5
-7.3587E14	-1.95366E-5
-7.35145E14	-1.46345E-6
-7.34419E14	3.64066E-5
-7.33694E14	3.88639E-5
-7.32968E14	1.79602E-5
-7.32243E14	-4.60484E-5
-7.31518E14	-3.0101E-5
-7.30792E14	-1.18419E-5
-7.30067E14	-2.50468E-5
-7.29341E14	-2.36617E-5
-7.28616E14	-6.06119E-5
-7.27891E14	-4.7539E-5
-7.27165E14	-2.8672E-5
-7.2644E14	7.82106E-5
-7.25714E14	1.51784E-4
-7.24989E14	7.27563E-5
-7.24264E14	-3.34486E-5
-7.23538E14	3.72821E-5
-7.22813E14	-1.49399E-5
-7.22087E14	-2.42268E-5
-7.21362E14	-1.58404E-5
-7.20637E14	-4.40296E-5
-7.19911E14	-5.2549E-5
-7.19186E14	-4.87386E-5
-7.1846E14	4.26395E-5
-7.17735E14	1.12857E-4
-7.1701E14	-4.40303E-5
-7.16284E14	3.23794E-5
-7.15559E14	4.94309E-6
-7.14833E14	-3.46944E-5
-7.14108E14	2.59396E-5
-7.13383E14	-7.67381E-5
-7.12657E14	-2.96637E-5
-7.11932E14	2.75068E-5
-7.11206E14	3.34346E-5
-7.10481E14	3.84547E-5
-7.09756E14	-3.8654E-5
-7.0903E14	-3.34192E-5
-7.08305E14	-2.56278E-5
-7.07579E14	1.01159E-5
-7.06854E14	8.06331E-5
-7.06129E14	2.50176E-5
-7.05403E14	-3.68187E-5
-7.04678E14	-2.00462E-5
-7.03952E14	-3.89015E-5
-7.03227E14	-2.3943E-5
-7.02502E14	-2.85381E-5
-7.01776E14	1.22813E-5
-7.01051E14	4.5883E-6
-7.00325E14	2.53923E-5
-6.996E14	-2.15828E-5
-6.98875E14	-5.52193E-5
-6.98149E14	-2.07326E-5
-6.97424E14	-1.79102E-5
-6.96698E14	6.71884E-5
-6.95973E14	-6.66491E-6
-6.95248E14	9.91074E-5
-6.94522E14	1.09993E-4
-6.93797E14	5.08771E-6
-6.93071E14	2.92342E-5
-6.92346E14	3.08635E-5
-6.91621E14	-5.00209E-5
-6.90895E14	3.76902E-5
-6.9017E14	7.61054E-6
-6.89444E14	4.2157E-5
-6.88719E14	-3.26055E-5
-6.87994E14	-1.57809E-5
-6.87268E14	-2.56336E-5
-6.86543E14	-3.12999E-5
-6.85817E14	1.51794E-5
-6.85092E14	-2.1099E-6
-6.84367E14	6.39204E-5
-6.83641E14	4.87222E-5
-6.82916E14	3.62843E-5
-6.8219E14	-2.6745E-5
-6.81465E14	-3.38075E-5
-6.8074E14	-6.64303E-6
-6.80014E14	-3.7637E-5
-6.79289E14	-4.527E-5
-6.78563E14	-1.7517E-5
-6.77838E14	3.73444E-5
-6.77113E14	2.34053E-5
-6.76387E14	-3.13715E-5
-6.75662E14	-1.34211E-5
-6.74936E14	-3.77232E-5
-6.74211E14	8.52411E-5
-6.73486E14	1.39027E-6
-6.7276E14	-7.24594E-6
-6.72035E14	1.29954E-5
-6.71309E14	-1.76717E-5
-6.70584E14	5.42148E-5
-6.69859E14	-5.18089E-5
-6.69133E14	-9.29661E-6
-6.68408E14	-4.10067E-5
-6.67682E14	2.41212E-5
-6.66957E14	-5.87563E-5
-6.66232E14	-8.10311E-6
-6.65506E14	-2.28824E-5
-6.64781E14	-1.50935E-5
-6.64055E14	-5.46013E-5
-6.6333E14	-3.37338E-5
-6.62605E14	-2.08149E-5
-6.61879E14	1.62511E-5
-6.61154E14	-2.084E-5
-6.60428E14	-4.56164E-5
-6.59703E14	-1.54784E-5
-6.58978E14	-3.7523E-5
-6.58252E14	-6.20312E-5
-6.57527E14	-3.2757E-5
-6.56801E14	2.90132E-5
-6.56076E14	4.06344E-5
-6.55351E14	-2.51918E-5
-6.54625E14	-6.41284E-5
-6.539E14	-4.39683E-5
-6.53174E14	-7.08154E-5
-6.52449E14	-8.70307E-5
-6.51724E14	-7.65813E-5
-6.50998E14	-2.03477E-5
-6.50273E14	-3.56656E-5
-6.49547E14	-3.18803E-5
-6.48822E14	3.4058E-5
-6.48097E14	-1.18805E-5
-6.47371E14	-1.61796E-5
-6.46646E14	-1.88204E-5
-6.4592E14	1.95737E-5
-6.45195E14	-2.73008E-5
-6.4447E14	-1.94524E-5
-6.43744E14	1.81081E-5
-6.43019E14	8.5094E-6
-6.42293E14	-1.22812E-5
-6.41568E14	-1.37253E-5
-6.40843E14	-9.27562E-6
-6.40117E14	-5.17895E-5
-6.39392E14	2.96578E-5
-6.38666E14	2.0473E-5
-6.37941E14	-6.5054E-5
-6.37216E14	-5.89304E-5
-6.3649E14	7.10504E-5
-6.35765E14	4.44308E-5
-6.35039E14	4.35993E-5
-6.34314E14	-2.6534E-5
-6.33589E14	-4.8721E-5
-6.32863E14	8.93949E-5
-6.32138E14	3.40322E-5
-6.31412E14	1.20295E-5
-6.30687E14	1.40237E-5
-6.29962E14	-4.8088E-5
-6.29236E14	7.87633E-6
-6.28511E14	-5.07033E-5
-6.27785E14	5.27252E-6
-6.2706E14	-1.9178E-5
-6.26335E14	-3.99381E-5
-6.25609E14	6.64346E-5
-6.24884E14	-2.61363E-5
-6.24158E14	2.6867E-5
-6.23433E14	3.51488E-5
-6.22708E14	2.54549E-5
-6.21982E14	-4.04576E-5
-6.21257E14	-2.49952E-5
-6.20531E14	1.13332E-5
-6.19806E14	-1.1667E-6
-6.19081E14	3.19485E-5
-6.18355E14	1.49578E-5
-6.1763E14	1.00584E-4
-6.16904E14	-5.84568E-6
-6.16179E14	-1.34089E-5
-6.15454E14	3.94495E-5
-6.14728E14	3.49159E-5
-6.14003E14	1.95446E-6
-6.13277E14	4.55875E-5
-6.12552E14	1.21406E-5
-6.11827E14	-2.02878E-5
-6.11101E14	5.36758E-5
-6.10376E14	4.61128E-5
-6.0965E14	-1.18867E-5
-6.08925E14	-3.62456E-5
-6.082E14	-4.0401E-5
-6.07474E14	-6.06475E-5
-6.06749E14	-3.87208E-5
-6.06023E14	-3.12066E-6
-6.05298E14	6.35063E-5
-6.04573E14	9.07848E-6
-6.03847E14	-7.45318E-5
-6.03122E14	2.91753E-6
-6.02396E14	-6.60782E-5
-6.01671E14	-7.65706E-5
-6.00946E14	3.64622E-5
-6.0022E14	2.60005E-5
-5.99495E14	4.90821E-7
-5.98769E14	-2.40494E-5
-5.98044E14	-2.28051E-5
-5.97319E14	-3.10648E-5
-5.96593E14	-1.46088E-5
-5.95868E14	-4.32353E-5
-5.95142E14	-5.38344E-5
-5.94417E14	-1.05839E-4
-5.93692E14	-8.36698E-5
-5.92966E14	-3.89103E-6
-5.92241E14	-2.64101E-6
-5.91515E14	4.20631E-5
-5.9079E14	-1.74503E-5
-5.90065E14	4.42503E-6
-5.89339E14	-1.163E-5
-5.88614E14	-1.77059E-5
-5.87888E14	-1.70279E-5
-5.87163E14	4.74509E-5
-5.86438E14	8.87622E-5
-5.85712E14	1.20449E-5
-5.84987E14	-4.76475E-5
-5.84261E14	-1.96009E-5
-5.83536E14	3.29457E-5
-5.82811E14	-1.07829E-4
-5.82085E14	-1.04949E-4
-5.8136E14	-6.63916E-5
-5.80634E14	4.96745E-6
-5.79909E14	3.67285E-5
-5.79184E14	-4.21393E-5
-5.78458E14	-4.03674E-5
-5.77733E14	2.56227E-5
-5.77007E14	5.21037E-5
-5.76282E14	7.89637E-6
-5.75557E14	-1.0913E-6
-5.74831E14	3.80861E-5
-5.74106E14	1.93791E-5
-5.7338E14	-1.76735E-6
-5.72655E14	8.79116E-5
-5.7193E14	-6.60748E-5
-5.71204E14	-3.1464E-5
-5.70479E14	2.52204E-5
-5.69753E14	6.91127E-6
-5.69028E14	3.10325E-5
-5.68303E14	-4.26885E-5
-5.67577E14	-1.53533E-7
-5.66852E14	-4.62266E-5
-5.66126E14	-3.63121E-5
-5.65401E14	-2.89883E-5
-5.64676E14	-1.37877E-6
-5.6395E14	5.09493E-6
-5.63225E14	-1.75288E-5
-5.62499E14	-8.33244E-5
-5.61774E14	-5.09483E-5
-5.61049E14	1.35728E-5
-5.60323E14	-1.97475E-6
-5.59598E14	3.91429E-5
-5.58872E14	8.15276E-6
-5.58147E14	-4.00271E-5
-5.57422E14	-4.65841E-5
-5.56696E14	-7.82906E-5
-5.55971E14	-2.07657E-5
-5.55245E14	-1.23025E-5
-5.5452E14	-6.80815E-5
-5.53795E14	1.17524E-4
-5.53069E14	-1.95861E-6
-5.52344E14	-8.28309E-6
-5.51618E14	3.21801E-5
-5.50893E14	-7.57104E-6
-5.50168E14	9.79056E-5
-5.49442E14	4.3788E-5
-5.48717E14	1.43921E-5
-5.47991E14	8.88951E-5
-5.47266E14	3.15653E-5
-5.46541E14	3.1442E-5
-5.45815E14	-4.7031E-5
-5.4509E14	-5.36904E-5
-5.44364E14	2.00093E-5
-5.43639E14	1.01178E-5
-5.42914E14	1.05324E-4
-5.42188E14	-1.27697E-6
-5.41463E14	-6.26128E-5
-5.40737E14	-5.62628E-5
-5.40012E14	2.69705E-5
-5.39287E14	6.26705E-6
-5.38561E14	-6.07891E-5
-5.37836E14	-8.56237E-5
-5.3711E14	-7.95286E-5
-5.36385E14	1.50353E-5
-5.3566E14	-9.49674E-6
-5.34934E14	-6.44162E-6
-5.34209E14	-1.57388E-5
-5.33483E14	-7.51303E-5
-5.32758E14	4.99011E-5
-5.32033E14	1.66975E-5
-5.31307E14	1.50466E-5
-5.30582E14	1.16112E-4
-5.29856E14	3.902E-5
-5.29131E14	6.08835E-5
-5.28406E14	1.44945E-5
-5.2768E14	-4.19318E-5
-5.26955E14	-6.4807E-5
-5.26229E14	-1.0547E-5
-5.25504E14	-1.64852E-5
-5.24779E14	-2.16352E-5
-5.24053E14	-3.95837E-6
-5.23328E14	-4.36013E-5
-5.22602E14	-3.80883E-5
-5.21877E14	-4.12832E-5
-5.21152E14	1.22699E-5
-5.20426E14	4.87688E-6
-5.19701E14	6.06176E-5
-5.18975E14	-4.23968E-5
-5.1825E14	-1.03639E-5
-5.17525E14	2.44516E-5
-5.16799E14	5.25189E-5
-5.16074E14	1.28115E-4
-5.15348E14	9.5545E-5
-5.14623E14	9.06672E-6
-5.13898E14	-5.81221E-5
-5.13172E14	-4.4906E-5
-5.12447E14	7.0859E-6
-5.11721E14	-1.10473E-4
-5.10996E14	-5.88639E-5
-5.10271E14	4.86277E-5
-5.09545E14	8.18269E-5
-5.0882E14	4.85338E-5
-5.08094E14	6.604E-6
-5.07369E14	6.31064E-5
-5.06644E14	9.88063E-5
-5.05918E14	1.34212E-4
-5.05193E14	2.39758E-5
-5.04467E14	-2.2114E-6
-5.03742E14	-1.90632E-5
-5.03017E14	6.62709E-5
-5.02291E14	4.15587E-5
-5.01566E14	1.13067E-5
-5.0084E14	3.35131E-6
-5.00115E14	2.13114E-5
-4.9939E14	-1.64898E-5
-4.98664E14	-1.9332E-5
-4.97939E14	-2.73681E-5
-4.97213E14	4.55501E-5
-4.96488E14	6.36571E-5
-4.95763E14	1.04234E-4
-4.95037E14	-8.46819E-5
-4.94312E14	-1.72062E-5
-4.93586E14	-2.21934E-5
-4.92861E14	-5.21727E-5
-4.92136E14	-7.96337E-5
-4.9141E14	1.00768E-4
-4.90685E14	8.04452E-5
-4.89959E14	1.12277E-5
-4.89234E14	6.73156E-6
-4.88509E14	2.76666E-5
-4.87783E14	1.32188E-4
-4.87058E14	-1.34321E-6
-4.86332E14	-8.29972E-5
-4.85607E14	-1.04576E-4
-4.84882E14	-5.33649E-5
-4.84156E14	3.95212E-5
-4.83431E14	-2.0171E-5
-4.82705E14	-1.29211E-5
-4.8198E14	2.48365E-5
-4.81255E14	-1.45176E-5
-4.80529E14	-1.11004E-4
-4.79804E14	-2.60615E-5
-4.79078E14	4.1026E-5
-4.78353E14	-2.20457E-5
-4.77628E14	-4.26268E-5
-4.76902E14	-4.25936E-5
-4.76177E14	2.99205E-5
-4.75451E14	2.24976E-5
-4.74726E14	1.2387E-5
-4.74001E14	-3.83769E-5
-4.73275E14	5.33563E-5
-4.7255E14	6.34782E-5
-4.71824E14	1.30973E-5
-4.71099E14	-6.74987E-5
-4.70374E14	-3.79139E-5
-4.69648E14	3.06414E-6
-4.68923E14	-1.05559E-4
-4.68197E14	2.06933E-5
-4.67472E14	1.65357E-4
-4.66747E14	3.304E-5
-4.66021E14	1.49432E-5
-4.65296E14	-2.53329E-5
-4.6457E14	4.72789E-5
-4.63845E14	5.40572E-5
-4.6312E14	-2.79489E-5
-4.62394E14	-8.70159E-5
-4.61669E14	-6.99015E-5
-4.60943E14	-1.43254E-4
-4.60218E14	-5.84102E-5
-4.59493E14	-2.91911E-5
-4.58767E14	-8.52018E-5
-4.58042E14	-8.10097E-5
-4.57316E14	-6.49165E-5
-4.56591E14	7.05347E-6
-4.55866E14	-6.08148E-5
-4.5514E14	-8.19092E-5
-4.54415E14	-4.72724E-5
-4.53689E14	1.29823E-5
-4.52964E14	-1.27232E-5
-4.52239E14	-9.7529E-7
-4.51513E14	3.18484E-5
-4.50788E14	-6.97571E-5
-4.50062E14	-7.58931E-5
-4.49337E14	-7.72353E-5
-4.48612E14	-7.60302E-5
-4.47886E14	2.7427E-5
-4.47161E14	3.97594E-5
-4.46435E14	1.25526E-4
-4.4571E14	-3.13338E-5
-4.44985E14	4.41846E-5
-4.44259E14	2.46544E-5
-4.43534E14	5.65761E-5
-4.42808E14	-2.10435E-5
-4.42083E14	-2.2503E-5
-4.41358E14	-6.33809E-5
-4.40632E14	-8.81078E-6
-4.39907E14	7.1914E-6
-4.39181E14	-1.52443E-5
-4.38456E14	-2.48116E-5
-4.37731E14	-5.32355E-5
-4.37005E14	-3.70738E-5
-4.3628E14	1.73901E-5
-4.35554E14	7.49359E-5
-4.34829E14	2.53075E-6
-4.34104E14	-5.17455E-5
-4.33378E14	-6.52074E-5
-4.32653E14	-2.86764E-5
-4.31927E14	-1.97639E-5
-4.31202E14	-8.09809E-5
-4.30477E14	-1.90732E-5
-4.29751E14	-3.25558E-5
-4.29026E14	-9.87664E-5
-4.283E14	-6.51549E-6
-4.27575E14	9.38722E-5
-4.2685E14	-3.43016E-5
-4.26124E14	-8.49058E-5
-4.25399E14	-7.44501E-5
-4.24673E14	-8.04836E-5
-4.23948E14	5.63079E-5
-4.23223E14	5.15542E-5
-4.22497E14	8.36015E-6
-4.21772E14	5.26958E-5
-4.21046E14	5.58534E-5
-4.20321E14	4.06016E-5
-4.19596E14	-5.85828E-6
-4.1887E14	2.06488E-5
-4.18145E14	-6.09512E-5
-4.17419E14	-5.45401E-5
-4.16694E14	8.00287E-5
-4.15969E14	1.43641E-4
-4.15243E14	1.026E-4
-4.14518E14	3.53767E-5
-4.13792E14	-1.00398E-4
-4.13067E14	-1.30213E-5
-4.12342E14	1.45962E-5
-4.11616E14	1.03353E-5
-4.10891E14	9.24682E-5
-4.10165E14	7.59539E-5
-4.0944E14	3.53581E-5
-4.08715E14	1.06408E-5
-4.07989E14	-6.97883E-5
-4.07264E14	7.79808E-5
-4.06538E14	5.3394E-6
-4.05813E14	-6.05169E-5
-4.05088E14	6.79626E-5
-4.04362E14	9.9893E-5
-4.03637E14	7.54529E-5
-4.02911E14	1.85603E-4
-4.02186E14	1.04516E-4
-4.01461E14	2.06885E-4
-4.00735E14	9.34723E-5
-4.0001E14	1.9274E-5
-3.99284E14	-1.03597E-4
-3.98559E14	-5.08778E-5
-3.97834E14	-6.9446E-7
-3.97108E14	1.47248E-4
-3.96383E14	1.29353E-4
-3.95657E14	1.08055E-4
-3.94932E14	1.12792E-4
-3.94207E14	8.48469E-5
-3.93481E14	1.12834E-4
-3.92756E14	-1.32033E-5
-3.9203E14	-8.41029E-6
-3.91305E14	1.06074E-5
-3.9058E14	-1.73955E-4
-3.89854E14	-1.10011E-4
-3.89129E14	-4.83777E-5
-3.88403E14	2.24495E-5
-3.87678E14	-6.53984E-5
-3.86953E14	-2.39707E-5
-3.86227E14	-3.57918E-5
-3.85502E14	5.43492E-5
-3.84776E14	3.42773E-5
-3.84051E14	-7.87465E-5
-3.83326E14	1.16046E-4
-3.826E14	2.90328E-5
-3.81875E14	-1.24723E-4
-3.81149E14	-4.5961E-5
-3.80424E14	-4.39476E-5
-3.79699E14	4.42671E-5
-3.78973E14	4.73654E-5
-3.78248E14	-1.02761E-4
-3.77522E14	-3.44904E-5
-3.76797E14	-4.77448E-5
-3.76072E14	-6.07175E-5
-3.75346E14	2.21579E-5
-3.74621E14	9.67874E-6
-3.73895E14	8.30197E-5
-3.7317E14	6.93853E-5
-3.72445E14	7.17005E-5
-3.71719E14	8.7803E-5
-3.70994E14	3.44389E-5
-3.70268E14	1.30468E-4
-3.69543E14	5.33943E-5
-3.68818E14	-2.77295E-5
-3.68092E14	-5.75319E-5
-3.67367E14	-1.05693E-4
-3.66641E14	-5.53091E-5
-3.65916E14	-1.03354E-4
-3.65191E14	5.04028E-5
-3.64465E14	-1.15749E-4
-3.6374E14	-8.57518E-5
-3.63014E14	-1.32094E-4
-3.62289E14	-1.01217E-4
-3.61564E14	-6.91888E-5
-3.60838E14	-6.59293E-5
-3.60113E14	-1.56414E-5
-3.59387E14	-2.57727E-5
-3.58662E14	5.05051E-5
-3.57937E14	9.54014E-5
-3.57211E14	-1.46372E-5
-3.56486E14	6.45706E-5
-3.5576E14	2.70059E-6
-3.55035E14	-4.77819E-6
-3.5431E14	-1.46885E-5
-3.53584E14	-1.01257E-4
-3.52859E14	-4.15822E-5
-3.52133E14	2.79889E-5
-3.51408E14	1.69508E-5
-3.50683E14	-9.9388E-6
-3.49957E14	6.06137E-5
-3.49232E14	5.89143E-5
-3.48506E14	3.93537E-5
-3.47781E14	3.28046E-5
-3.47056E14	6.33614E-5
-3.4633E14	-5.81864E-5
-3.45605E14	5.03135E-5
-3.44879E14	3.85593E-5
-3.44154E14	3.29364E-5
-3.43429E14	-6.44366E-6
-3.42703E14	1.34733E-4
-3.41978E14	1.52677E-5
-3.41252E14	4.79733E-5
-3.40527E14	7.83777E-5
-3.39802E14	3.28756E-6
-3.39076E14	-9.65112E-5
-3.38351E14	2.26956E-5
-3.37625E14	-1.22411E-5
-3.369E14	-6.90475E-5
-3.36175E14	-1.01052E-4
-3.35449E14	5.35978E-5
-3.34724E14	2.25819E-6
-3.33998E14	8.03367E-6
-3.33273E14	1.71079E-5
-3.32548E14	6.08475E-5
-3.31822E14	-7.90351E-6
-3.31097E14	-5.24485E-5
-3.30371E14	2.78217E-5
-3.29646E14	-9.32727E-5
-3.28921E14	-2.35321E-5
-3.28195E14	-3.64629E-5
-3.2747E14	1.71144E-5
-3.26744E14	-1.15765E-5
-3.26019E14	-2.62056E-5
-3.25294E14	1.19027E-4
-3.24568E14	2.26916E-4
-3.23843E14	2.30632E-4
-3.23117E14	1.85785E-4
-3.22392E14	-3.61925E-5
-3.21667E14	-8.78661E-5
-3.20941E14	6.81548E-5
-3.20216E14	9.82365E-5
-3.1949E14	-7.0106E-5
-3.18765E14	-8.65601E-5
-3.1804E14	-1.40123E-4
-3.17314E14	-7.02664E-5
-3.16589E14	7.14882E-5
-3.15863E14	-3.00987E-5
-3.15138E14	-5.58772E-5
-3.14413E14	1.73696E-5
-3.13687E14	2.07329E-5
-3.12962E14	-2.35829E-5
-3.12236E14	-1.32919E-6
-3.11511E14	8.62374E-6
-3.10786E14	5.12498E-7
-3.1006E14	-5.0448E-5
-3.09335E14	8.92088E-6
-3.08609E14	-4.64513E-5
-3.07884E14	1.82652E-5
-3.07159E14	2.47901E-5
-3.06433E14	-1.11893E-4
-3.05708E14	-1.71274E-4
-3.04982E14	-6.91684E-5
-3.04257E14	8.47473E-5
-3.03532E14	-7.38808E-5
-3.02806E14	-4.43212E-5
-3.02081E14	-7.16994E-5
-3.01355E14	-2.91535E-5
-3.0063E14	-1.67849E-5
-2.99905E14	-5.44217E-5
-2.99179E14	-6.68174E-5
-2.98454E14	-2.71223E-5
-2.97728E14	4.97798E-5
-2.97003E14	-5.39381E-5
-2.96278E14	4.18057E-5
-2.95552E14	-3.71078E-5
-2.94827E14	-4.11711E-5
-2.94101E14	-4.22405E-5
-2.93376E14	-5.42446E-5
-2.92651E14	9.91205E-5
-2.91925E14	2.24406E-5
-2.912E14	-4.76863E-5
-2.90474E14	1.0268E-4
-2.89749E14	8.44718E-5
-2.89024E14	-1.2105E-4
-2.88298E14	6.64636E-5
-2.87573E14	-6.15315E-6
-2.86847E14	-3.5998E-5
-2.86122E14	-1.42257E-5
-2.85397E14	1.21388E-4
-2.84671E14	-1.17023E-4
-2.83946E14	1.49485E-5
-2.8322E14	-1.09287E-4
-2.82495E14	-8.06608E-5
-2.8177E14	2.92475E-6
-2.81044E14	-1.14409E-4
-2.80319E14	1.57008E-4
-2.79593E14	1.01755E-6
-2.78868E14	1.12219E-4
-2.78143E14	-5.4312E-7
-2.77417E14	-5.2364E-5
-2.76692E14	2.54245E-5
-2.75966E14	-1.11144E-4
-2.75241E14	-3.57892E-6
-2.74516E14	2.47937E-4
-2.7379E14	1.5754E-4
-2.73065E14	-6.74855E-5
-2.72339E14	1.77256E-4
-2.71614E14	-6.88308E-5
-2.70889E14	-4.90122E-5
-2.70163E14	5.82154E-5
-2.69438E14	6.71382E-5
-2.68712E14	-1.96667E-4
-2.67987E14	-5.89354E-5
-2.67262E14	-1.20503E-4
-2.66536E14	-3.49462E-5
-2.65811E14	2.64637E-6
-2.65085E14	-1.61407E-4
-2.6436E14	-1.86632E-4
-2.63635E14	-2.15025E-5
-2.62909E14	1.0671E-5
-2.62184E14	4.79916E-5
-2.61458E14	1.52794E-4
-2.60733E14	2.09827E-5
-2.60008E14	1.46134E-4
-2.59282E14	-7.99995E-5
-2.58557E14	-7.54316E-5
-2.57831E14	-5.91633E-5
-2.57106E14	-5.94461E-5
-2.56381E14	-9.83447E-5
-2.55655E14	-1.14043E-4
-2.5493E14	-2.97455E-5
-2.54204E14	7.42669E-5
-2.53479E14	-5.48013E-5
-2.52754E14	7.83984E-5
-2.52028E14	4.50106E-5
-2.51303E14	-1.14901E-4
-2.50577E14	2.64668E-5
-2.49852E14	-1.24161E-4
-2.49127E14	-8.30032E-5
-2.48401E14	-2.34806E-4
-2.47676E14	-3.40026E-5
-2.4695E14	-9.69464E-5
-2.46225E14	-1.45378E-4
-2.455E14	-3.95549E-5
-2.44774E14	2.14969E-4
-2.44049E14	1.06506E-4
-2.43323E14	1.36321E-4
-2.42598E14	-6.14431E-5
-2.41873E14	-1.13081E-6
-2.41147E14	2.1091E-4
-2.40422E14	2.16275E-4
-2.39696E14	-7.60273E-5
-2.38971E14	-5.95119E-5
-2.38246E14	-8.49296E-5
-2.3752E14	5.24449E-5
-2.36795E14	-6.40433E-5
-2.36069E14	-7.44179E-5
-2.35344E14	3.02763E-5
-2.34619E14	6.42688E-5
-2.33893E14	-6.91629E-5
-2.33168E14	-1.00052E-4
-2.32442E14	-5.38751E-6
-2.31717E14	-6.30897E-5
-2.30992E14	7.3394E-6
-2.30266E14	-8.68696E-5
-2.29541E14	3.71194E-5
-2.28815E14	-3.96509E-5
-2.2809E14	1.21004E-4
-2.27365E14	1.9826E-4
-2.26639E14	3.89909E-5
-2.25914E14	2.29699E-5
-2.25188E14	-6.39675E-5
-2.24463E14	-4.82471E-6
-2.23738E14	7.59331E-5
-2.23012E14	-1.14031E-5
-2.22287E14	4.11232E-6
-2.21561E14	2.29083E-5
-2.20836E14	4.51558E-6
-2.20111E14	-9.80593E-5
-2.19385E14	-9.75736E-5
-2.1866E14	-8.26566E-5
-2.17934E14	-4.27702E-5
-2.17209E14	-8.16551E-5
-2.16484E14	7.55844E-6
-2.15758E14	-1.94045E-4
-2.15033E14	3.77351E-5
-2.14307E14	8.34475E-5
-2.13582E14	-2.13583E-5
-2.12857E14	2.51275E-5
-2.12131E14	-4.80268E-5
-2.11406E14	9.57181E-5
-2.1068E14	8.93864E-5
-2.09955E14	1.68292E-4
-2.0923E14	-1.94476E-4
-2.08504E14	-2.50124E-4
-2.07779E14	-1.62554E-4
-2.07053E14	1.04551E-4
-2.06328E14	-1.60083E-5
-2.05603E14	-7.36533E-5
-2.04877E14	3.45531E-5
-2.04152E14	-3.2986E-4
-2.03426E14	-1.86481E-4
-2.02701E14	-7.26647E-5
-2.01976E14	2.93752E-5
-2.0125E14	8.41947E-5
-2.00525E14	-8.85771E-5
-1.99799E14	-1.20035E-4
-1.99074E14	1.12789E-4
-1.98349E14	1.35794E-4
-1.97623E14	-1.34121E-4
-1.96898E14	-6.40298E-5
-1.96172E14	6.99852E-5
-1.95447E14	-9.18032E-5
-1.94722E14	-9.72723E-5
-1.93996E14	9.80177E-5
-1.93271E14	2.22637E-4
-1.92545E14	1.08443E-4
-1.9182E14	-1.95319E-4
-1.91095E14	-9.75593E-5
-1.90369E14	-1.94855E-4
-1.89644E14	-1.78915E-4
-1.88918E14	5.17032E-5
-1.88193E14	2.12981E-4
-1.87468E14	1.00122E-4
-1.86742E14	-4.7399E-5
-1.86017E14	-8.18242E-5
-1.85291E14	-1.94711E-4
-1.84566E14	-2.26627E-4
-1.83841E14	-3.09466E-5
-1.83115E14	6.31175E-5
-1.8239E14	-1.90475E-4
-1.81664E14	-1.60037E-4
-1.80939E14	1.08264E-4
-1.80214E14	2.49902E-4
-1.79488E14	-1.77289E-4
-1.78763E14	1.924E-4
-1.78037E14	3.98027E-6
-1.77312E14	-8.88192E-5
-1.76587E14	-2.97752E-4
-1.75861E14	-2.20127E-6
-1.75136E14	-4.42468E-5
-1.7441E14	4.82879E-5
-1.73685E14	-1.05358E-4
-1.7296E14	-3.38401E-5
-1.72234E14	-1.06383E-4
-1.71509E14	9.26644E-7
-1.70783E14	2.3682E-4
-1.70058E14	1.84049E-6
-1.69333E14	-1.90697E-4
-1.68607E14	-1.65164E-4
-1.67882E14	1.84569E-5
-1.67156E14	-1.39136E-4
-1.66431E14	-2.03589E-6
-1.65706E14	3.03443E-4
-1.6498E14	2.2458E-4
-1.64255E14	-1.31622E-4
-1.63529E14	-2.02852E-4
-1.62804E14	-2.81814E-4
-1.62079E14	2.94731E-5
-1.61353E14	-1.14677E-4
-1.60628E14	7.16296E-5
-1.59902E14	-4.35879E-5
-1.59177E14	8.75805E-7
-1.58452E14	4.52346E-5
-1.57726E14	7.02649E-5
-1.57001E14	1.1455E-4
-1.56275E14	-1.53499E-5
-1.5555E14	2.6847E-4
-1.54825E14	1.59773E-4
-1.54099E14	1.84041E-4
-1.53374E14	-1.11898E-4
-1.52648E14	-4.04941E-4
-1.51923E14	-1.01625E-4
-1.51198E14	1.57412E-4
-1.50472E14	-3.72947E-4
-1.49747E14	-2.07687E-4
-1.49021E14	3.09302E-4
-1.48296E14	3.27106E-4
-1.47571E14	-1.21378E-4
-1.46845E14	-1.83491E-4
-1.4612E14	-5.52505E-5
-1.45394E14	-1.01202E-4
-1.44669E14	1.11618E-4
-1.43944E14	1.15176E-4
-1.43218E14	-3.26461E-5
-1.42493E14	4.23721E-5
-1.41767E14	1.46346E-4
-1.41042E14	8.30007E-5
-1.40317E14	2.89116E-4
-1.39591E14	4.35686E-5
-1.38866E14	-2.4955E-4
-1.3814E14	-3.18875E-4
-1.37415E14	-2.48592E-4
-1.3669E14	-4.98545E-5
-1.35964E14	-9.28116E-5
-1.35239E14	3.51209E-4
-1.34513E14	1.11167E-4
-1.33788E14	-1.33732E-4
-1.33063E14	-3.5125E-4
-1.32337E14	-2.52903E-4
-1.31612E14	4.76738E-5
-1.30886E14	-7.12069E-5
-1.30161E14	-2.51809E-4
-1.29436E14	-3.00653E-4
-1.2871E14	-2.60842E-4
-1.27985E14	-2.97212E-4
-1.27259E14	-2.421E-4
-1.26534E14	-7.38053E-5
-1.25809E14	7.68821E-5
-1.25083E14	1.86446E-4
-1.24358E14	-2.24925E-4
-1.23632E14	5.46988E-5
-1.22907E14	3.8121E-4
-1.22182E14	2.45826E-5
-1.21456E14	1.59276E-4
-1.20731E14	-3.34984E-4
-1.20005E14	-8.87817E-5
-1.1928E14	-1.15026E-4
-1.18555E14	-2.72115E-4
-1.17829E14	2.45913E-5
-1.17104E14	3.78638E-4
-1.16378E14	-1.22142E-4
-1.15653E14	-2.45485E-4
-1.14928E14	-1.35337E-4
-1.14202E14	8.05062E-5
-1.13477E14	4.10585E-4
-1.12751E14	2.23227E-4
-1.12026E14	4.92663E-4
-1.11301E14	2.00873E-4
-1.10575E14	-2.62174E-4
-1.0985E14	-2.58043E-4
-1.09124E14	-2.51708E-4
-1.08399E14	-4.9051E-4
-1.07674E14	-5.36864E-4
-1.06948E14	-1.27556E-4
-1.06223E14	3.7789E-4
-1.05497E14	6.81348E-5
-1.04772E14	-1.88124E-4
-1.04047E14	-2.29674E-4
-1.03321E14	-2.00446E-4
-1.02596E14	-1.49889E-4
-1.0187E14	9.88439E-5
-1.01145E14	6.37136E-5
-1.0042E14	-1.10019E-4
-9.96941E13	1.47948E-4
-9.89687E13	-2.01667E-4
-9.82433E13	3.41881E-4
-9.75179E13	1.53037E-4
-9.67925E13	1.61614E-4
-9.60671E13	-2.6835E-5
-9.53417E13	1.18296E-4
-9.46163E13	-2.27293E-5
-9.38909E13	-7.09125E-5
-9.31655E13	2.81774E-4
-9.24401E13	3.03707E-4
-9.17147E13	-1.36255E-4
-9.09893E13	-3.95187E-4
-9.02639E13	-1.45477E-4
-8.95385E13	-5.19936E-4
-8.88131E13	-4.34279E-4
-8.80877E13	-4.59151E-5
-8.73623E13	-6.96851E-5
-8.66369E13	5.3277E-4
-8.59115E13	5.73967E-4
-8.51861E13	2.03902E-4
-8.44607E13	-1.114E-4
-8.37353E13	-2.28152E-4
-8.30099E13	7.02173E-5
-8.22845E13	-7.42086E-5
-8.15591E13	-1.42256E-4
-8.08337E13	5.76012E-6
-8.01083E13	-1.71364E-4
-7.93829E13	2.48416E-4
-7.86575E13	-4.84465E-4
-7.79321E13	-5.18576E-4
-7.72067E13	1.11856E-5
-7.64813E13	-6.73551E-4
-7.57559E13	2.01988E-4
-7.50305E13	-1.29259E-4
-7.43051E13	-2.30582E-6
-7.35797E13	1.10906E-4
-7.28543E13	4.56419E-4
-7.21289E13	3.38102E-4
-7.14035E13	-2.54293E-5
-7.06781E13	-2.48075E-4
-6.99527E13	-7.70434E-4
-6.92273E13	-4.28805E-4
-6.85019E13	-5.90503E-5
-6.77765E13	1.48087E-4
-6.70511E13	-3.0884E-4
-6.63257E13	-1.07066E-4
-6.56003E13	-2.37123E-4
-6.48749E13	-8.52114E-5
-6.41495E13	3.43536E-4
-6.34241E13	-2.5834E-5
-6.26987E13	-2.42943E-4
-6.19733E13	2.85115E-5
-6.12479E13	-4.642E-4
-6.05225E13	-0.0011
-5.97971E13	-5.64517E-4
-5.90717E13	-1.92298E-4
-5.83463E13	3.2346E-4
-5.76209E13	6.83932E-5
-5.68955E13	-6.08706E-4
-5.61701E13	2.30383E-6
-5.54447E13	1.48218E-4
-5.47193E13	5.56304E-5
-5.39939E13	-2.07402E-4
-5.32685E13	-1.1347E-4
-5.25431E13	0.00105
-5.18177E13	7.92666E-4
-5.10923E13	0.00111
-5.03669E13	4.71823E-4
-4.96415E13	-4.74531E-4
-4.89161E13	7.00379E-4
-4.81907E13	3.75712E-4
-4.74653E13	-8.85526E-5
-4.67399E13	6.18022E-4
-4.60145E13	1.93299E-4
-4.52891E13	-2.09394E-4
-4.45637E13	-1.75439E-4
-4.38383E13	6.78065E-4
-4.31129E13	-9.25759E-5
-4.23875E13	-1.85254E-4
-4.16621E13	2.66087E-4
-4.09367E13	-4.26367E-4
-4.02113E13	-1.88573E-4
-3.94859E13	8.05772E-4
-3.87605E13	-2.20229E-4
-3.80351E13	-8.98611E-4
-3.73097E13	8.50628E-4
-3.65843E13	0.00113
-3.58589E13	-8.29659E-4
-3.51335E13	-8.61315E-4
-3.44081E13	-9.11576E-5
-3.36827E13	-0.00138
-3.29573E13	3.28243E-4
-3.22319E13	2.70643E-4
-3.15065E13	-4.74798E-4
-3.07811E13	2.77819E-4
-3.00557E13	-4.38659E-4
-2.93303E13	-0.00164
-2.86049E13	-0.00449
-2.78795E13	-0.00225
-2.71541E13	2.76409E-4
-2.64287E13	-0.00235
-2.57033E13	-9.95869E-4
-2.49779E13	-0.00219
-2.42525E13	-0.00417
-2.35271E13	-0.00657
-2.28017E13	-0.00199
-2.20763E13	-0.00412
-2.13509E13	-0.00612
-2.06255E13	-0.00979
-1.99001E13	-0.0115
-1.91747E13	-0.01284
-1.84493E13	-0.00912
-1.77239E13	-0.01411
-1.69985E13	-0.01655
-1.62731E13	-0.01755
-1.55477E13	-0.02508
-1.48223E13	-0.03853
-1.40969E13	-0.03931
-1.33715E13	-0.047
-1.26461E13	-0.04196
-1.19207E13	-0.05304
-1.11953E13	-0.05504
-1.04699E13	-0.06015
-9.74454E12	-0.07091
-9.01914E12	-0.07497
-8.29374E12	-0.08693
-7.56834E12	-0.09412
-6.84294E12	-0.0846
-6.11754E12	-0.0924
-5.39214E12	-0.12409
-4.66674E12	-0.0941
-3.94134E12	-0.08025
-3.21594E12	-0.08407
-2.49054E12	-0.07841
-1.76514E12	-0.05505
-1.03974E12	-0.10608
-3.1434E11	-0.07432
4.1106E11	-0.04733
1.13646E12	-0.04334
1.86186E12	-0.05224
2.58726E12	-0.07782
3.31266E12	-0.10256
4.03806E12	-0.10235
4.76346E12	-0.1094
5.48886E12	-0.07005
6.21426E12	-0.0924
6.93966E12	-0.0998
7.66506E12	-0.08875
8.39046E12	-0.07199
9.11586E12	-0.08709
9.84126E12	-0.07394
1.05667E13	-0.06657
1.12921E13	-0.05972
1.20175E13	-0.04094
1.27429E13	-0.03934
1.34683E13	-0.04149
1.41937E13	-0.02677
1.49191E13	-0.02875
1.56445E13	-0.02089
1.63699E13	-0.01392
1.70953E13	-0.01218
1.78207E13	-0.0049
1.85461E13	-0.00336
1.92715E13	0.00162
1.99969E13	-2.40164E-4
2.07223E13	0.00833
2.14477E13	-8.81642E-6
2.21731E13	0.00101
2.28985E13	0.00361
2.36239E13	0.01082
2.43493E13	0.00931
2.50747E13	0.01141
2.58001E13	0.01089
2.65255E13	0.01648
2.72509E13	0.01757
2.79763E13	0.01991
2.87017E13	0.01849
2.94271E13	0.02066
3.01525E13	0.02367
3.08779E13	0.02754
3.16033E13	0.02584
3.23287E13	0.02986
3.30541E13	0.03295
3.37795E13	0.03874
3.45049E13	0.03673
3.52303E13	0.03951
3.59557E13	0.03892
3.66811E13	0.03936
3.74065E13	0.03806
3.81319E13	0.04067
3.88573E13	0.0367
3.95827E13	0.03638
4.03081E13	0.03473
4.10335E13	0.03354
4.17589E13	0.03049
4.24843E13	0.02876
4.32097E13	0.02821
4.39351E13	0.02671
4.46605E13	0.02432
4.53859E13	0.02271
4.61113E13	0.02118
4.68367E13	0.01903
4.75621E13	0.01832
4.82875E13	0.01633
4.90129E13	0.01533
4.97383E13	0.01509
5.04637E13	0.01352
5.11891E13	0.01101
5.19145E13	0.0111
5.26399E13	0.0107
5.33653E13	0.01025
5.40907E13	0.01043
5.48161E13	0.01049
5.55415E13	0.01028
5.62669E13	0.01083
5.69923E13	0.01022
5.77177E13	0.01175
5.84431E13	0.01172
5.91685E13	0.01202
5.98939E13	0.0116
6.06193E13	0.01247
6.13447E13	0.01281
6.20701E13	0.01473
6.27955E13	0.01521
6.35209E13	0.0164
6.42463E13	0.01845
6.49717E13	0.01931
6.56971E13	0.01957
6.64225E13	0.01995
6.71479E13	0.02097
6.78733E13	0.01994
6.85987E13	0.02044
6.93241E13	0.02136
7.00495E13	0.0214
7.07749E13	0.02245
7.15003E13	0.02203
7.22257E13	0.02241
7.29511E13	0.02194
7.36765E13	0.02093
7.44019E13	0.01926
7.51273E13	0.01814
7.58527E13	0.01707
7.65781E13	0.01549
7.73035E13	0.01562
7.80289E13	0.01383
7.87543E13	0.01314
7.94797E13	0.01195
8.02051E13	0.01142
8.09305E13	0.01109
8.16559E13	0.00939
8.23813E13	0.00822
8.31067E13	0.00807
8.38321E13	0.00773
8.45575E13	0.00727
8.52829E13	0.00604
8.60083E13	0.00646
8.67337E13	0.00631
8.74591E13	0.00651
8.81845E13	0.00656
8.89099E13	0.00615
8.96353E13	0.00571
9.03607E13	0.00619
9.10861E13	0.00618
9.18115E13	0.00718
9.25369E13	0.00737
9.32623E13	0.00805
9.39877E13	0.00841
9.47131E13	0.00833
9.54385E13	0.00851
9.61639E13	0.00941
9.68893E13	0.00979
9.76147E13	0.01008
9.83401E13	0.01099
9.90655E13	0.01173
9.97909E13	0.01104
1.00516E14	0.01159
1.01242E14	0.01245
1.01967E14	0.01236
1.02692E14	0.0122
1.03418E14	0.01176
1.04143E14	0.01192
1.04869E14	0.01188
1.05594E14	0.01202
1.06319E14	0.01206
1.07045E14	0.01132
1.0777E14	0.00978
1.08496E14	0.00969
1.09221E14	0.00962
1.09946E14	0.00826
1.10672E14	0.00853
1.11397E14	0.00808
1.12123E14	0.00728
1.12848E14	0.00708
1.13573E14	0.00672
1.14299E14	0.00605
1.15024E14	0.0054
1.1575E14	0.00467
1.16475E14	0.00429
1.172E14	0.00425
1.17926E14	0.00463
1.18651E14	0.00411
1.19377E14	0.00403
1.20102E14	0.00441
1.20827E14	0.00451
1.21553E14	0.00385
1.22278E14	0.00478
1.23004E14	0.0046
1.23729E14	0.00521
1.24454E14	0.00551
1.2518E14	0.00551
1.25905E14	0.00562
1.26631E14	0.006
1.27356E14	0.00577
1.28081E14	0.00547
1.28807E14	0.00595
1.29532E14	0.00719
1.30258E14	0.00654
1.30983E14	0.00605
1.31708E14	0.00684
1.32434E14	0.00729
1.33159E14	0.00782
1.33885E14	0.00716
1.3461E14	0.00769
1.35335E14	0.0071
1.36061E14	0.00701
1.36786E14	0.00681
1.37512E14	0.00667
1.38237E14	0.00625
1.38962E14	0.00567
1.39688E14	0.00541
1.40413E14	0.00556
1.41139E14	0.00549
1.41864E14	0.00496
1.42589E14	0.00499
1.43315E14	0.0043
1.4404E14	0.00401
1.44766E14	0.00371
1.45491E14	0.00367
1.46216E14	0.00352
1.46942E14	0.00334
1.47667E14	0.00302
1.48393E14	0.00326
1.49118E14	0.00303
1.49843E14	0.00284
1.50569E14	0.00242
1.51294E14	0.00338
1.5202E14	0.0035
1.52745E14	0.00351
1.5347E14	0.00336
1.54196E14	0.00368
1.54921E14	0.00404
1.55647E14	0.00404
1.56372E14	0.00349
1.57097E14	0.00344
1.57823E14	0.00438
1.58548E14	0.00436
1.59274E14	0.00414
1.59999E14	0.00423
1.60724E14	0.00478
1.6145E14	0.00508
1.62175E14	0.00472
1.62901E14	0.00421
1.63626E14	0.00488
1.64351E14	0.00482
1.65077E14	0.00405
1.65802E14	0.00419
1.66528E14	0.00474
1.67253E14	0.00379
1.67978E14	0.00326
1.68704E14	0.0033
1.69429E14	0.0032
1.70155E14	0.00385
1.7088E14	0.0029
1.71605E14	0.00254
1.72331E14	0.00261
1.73056E14	0.00274
1.73782E14	0.0026
1.74507E14	0.00344
1.75232E14	0.0026
1.75958E14	0.00224
1.76683E14	0.00224
1.77409E14	0.00205
1.78134E14	0.00204
1.78859E14	0.00216
1.79585E14	0.00246
1.8031E14	0.00225
1.81036E14	0.00281
1.81761E14	0.00248
1.82486E14	0.00258
1.83212E14	0.00226
1.83937E14	0.00287
1.84663E14	0.00265
1.85388E14	0.00277
1.86113E14	0.00279
1.86839E14	0.00253
1.87564E14	0.00286
1.8829E14	0.00278
1.89015E14	0.00263
1.8974E14	0.0027
1.90466E14	0.00279
1.91191E14	0.00352
1.91917E14	0.00305
1.92642E14	0.00314
1.93367E14	0.00261
1.94093E14	0.00252
1.94818E14	0.00207
1.95544E14	0.00188
1.96269E14	0.00194
1.96994E14	0.0021
1.9772E14	0.00175
1.98445E14	0.00171
1.99171E14	0.00188
1.99896E14	0.00181
2.00621E14	0.00233
2.01347E14	0.00188
2.02072E14	0.00228
2.02798E14	0.00179
2.03523E14	0.0016
2.04248E14	0.00174
2.04974E14	0.00208
2.05699E14	0.00146
2.06425E14	0.00164
2.0715E14	0.0016
2.07875E14	0.00158
2.08601E14	0.00155
2.09326E14	0.00155
2.10052E14	0.00172
2.10777E14	0.00197
2.11502E14	0.00202
2.12228E14	0.00185
2.12953E14	0.00157
2.13679E14	0.00163
2.14404E14	0.00182
2.15129E14	0.00155
2.15855E14	0.00199
2.1658E14	0.00182
2.17306E14	0.00145
2.18031E14	0.00146
2.18756E14	0.0012
2.19482E14	0.00118
2.20207E14	0.00136
2.20933E14	0.00134
2.21658E14	0.00121
2.22383E14	0.00143
2.23109E14	0.00129
2.23834E14	0.00132
2.2456E14	0.00161
2.25285E14	0.00133
2.2601E14	0.00107
2.26736E14	0.0011
2.27461E14	0.00149
2.28187E14	0.00172
2.28912E14	0.0015
2.29637E14	0.00116
2.30363E14	0.00169
2.31088E14	0.00143
2.31814E14	0.00152
2.32539E14	0.00161
2.33264E14	0.00159
2.3399E14	0.00154
2.34715E14	0.00146
2.35441E14	0.00106
2.36166E14	0.00104
2.36891E14	0.00119
2.37617E14	0.00139
2.38342E14	0.00116
2.39068E14	0.00116
2.39793E14	9.76535E-4
2.40518E14	9.95036E-4
2.41244E14	0.00113
2.41969E14	9.17302E-4
2.42695E14	8.69643E-4
2.4342E14	8.74765E-4
2.44145E14	8.52962E-4
2.44871E14	0.00122
2.45596E14	0.00111
2.46322E14	8.194E-4
2.47047E14	0.00123
2.47772E14	9.83116E-4
2.48498E14	0.00105
2.49223E14	8.28076E-4
2.49949E14	0.00104
2.50674E14	0.00116
2.51399E14	0.00107
2.52125E14	7.46729E-4
2.5285E14	4.99435E-4
2.53576E14	9.12942E-4
2.54301E14	0.00101
2.55026E14	0.00127
2.55752E14	7.991E-4
2.56477E14	7.04238E-4
2.57203E14	8.74175E-4
2.57928E14	9.06058E-4
2.58653E14	0.00102
2.59379E14	0.00122
2.60104E14	8.77845E-4
2.6083E14	0.00109
2.61555E14	9.09256E-4
2.6228E14	9.64259E-4
2.63006E14	0.00105
2.63731E14	9.74869E-4
2.64457E14	9.97655E-4
2.65182E14	7.40832E-4
2.65907E14	6.90098E-4
2.66633E14	8.20858E-4
2.67358E14	9.95569E-4
2.68084E14	0.00128
2.68809E14	9.41067E-4
2.69534E14	9.67355E-4
2.7026E14	0.00136
2.70985E14	6.49511E-4
2.71711E14	0.00102
2.72436E14	0.00102
2.73161E14	9.84236E-4
2.73887E14	7.83594E-4
2.74612E14	0.00109
2.75338E14	9.23559E-4
2.76063E14	8.12837E-4
2.76788E14	9.39908E-4
2.77514E14	6.97314E-4
2.78239E14	9.37491E-4
2.78965E14	7.9586E-4
2.7969E14	9.55429E-4
2.80415E14	8.81337E-4
2.81141E14	6.82053E-4
2.81866E14	9.3405E-4
2.82592E14	0.00107
2.83317E14	0.0013
2.84042E14	0.00107
2.84768E14	5.24113E-4
2.85493E14	8.96105E-4
2.86219E14	5.78447E-4
2.86944E14	7.41584E-4
2.87669E14	5.15777E-4
2.88395E14	5.11698E-4
2.8912E14	8.4339E-4
2.89846E14	7.35849E-4
2.90571E14	7.70712E-4
2.91296E14	6.87941E-4
2.92022E14	6.16104E-4
2.92747E14	8.82355E-4
2.93473E14	8.28581E-4
2.94198E14	5.93926E-4
2.94923E14	5.6893E-4
2.95649E14	4.07825E-4
2.96374E14	4.31722E-4
2.971E14	8.5419E-4
2.97825E14	8.94121E-4
2.9855E14	7.95716E-4
2.99276E14	7.42084E-4
3.00001E14	3.38037E-4
3.00727E14	6.20847E-4
3.01452E14	7.95909E-4
3.02177E14	9.35155E-4
3.02903E14	7.72633E-4
3.03628E14	9.33948E-4
3.04354E14	3.60511E-4
3.05079E14	6.81379E-4
3.05804E14	6.4098E-4
3.0653E14	6.9542E-4
3.07255E14	0.00116
3.07981E14	8.40662E-4
3.08706E14	9.89647E-4
3.09431E14	8.15516E-4
3.10157E14	7.29303E-4
3.10882E14	5.25255E-4
3.11608E14	7.97494E-4
3.12333E14	3.62075E-4
3.13058E14	6.48821E-4
3.13784E14	7.70294E-4
3.14509E14	6.29257E-4
3.15235E14	8.3748E-4
3.1596E14	0.00111
3.16685E14	7.11501E-4
3.17411E14	8.92513E-4
3.18136E14	7.53369E-4
3.18862E14	6.14807E-4
3.19587E14	6.00015E-4
3.20312E14	8.86078E-4
3.21038E14	6.2655E-4
3.21763E14	3.8999E-4
3.22489E14	4.40144E-4
3.23214E14	5.9202E-4
3.23939E14	6.20567E-4
3.24665E14	4.55303E-4
3.2539E14	8.02104E-4
3.26116E14	6.18874E-4
3.26841E14	5.93984E-4
3.27566E14	8.15805E-4
3.28292E14	7.32243E-4
3.29017E14	7.84534E-4
3.29743E14	9.08229E-4
3.30468E14	8.00425E-4
3.31193E14	7.01869E-4
3.31919E14	8.88377E-4
3.32644E14	0.001
3.3337E14	8.78089E-4
3.34095E14	8.18326E-4
3.3482E14	9.17705E-4
3.35546E14	8.64016E-4
3.36271E14	9.98173E-4
3.36997E14	7.98727E-4
3.37722E14	8.27533E-4
3.38447E14	7.33689E-4
3.39173E14	9.03632E-4
3.39898E14	0.00105
3.40624E14	9.75879E-4
3.41349E14	6.9882E-4
3.42074E14	7.08831E-4
3.428E14	6.76804E-4
3.43525E14	7.13874E-4
3.44251E14	8.97102E-4
3.44976E14	0.00118
3.45701E14	7.97138E-4
3.46427E14	7.29986E-4
3.47152E14	7.94319E-4
3.47878E14	9.38951E-4
3.48603E14	7.86293E-4
3.49328E14	7.27422E-4
3.50054E14	9.01084E-4
3.50779E14	9.09992E-4
3.51505E14	7.35984E-4
3.5223E14	5.91013E-4
3.52955E14	9.13895E-4
3.53681E14	9.05261E-4
3.54406E14	7.17553E-4
3.55132E14	9.24913E-4
3.55857E14	0.00104
3.56582E14	7.09373E-4
3.57308E14	6.72728E-4
3.58033E14	7.71595E-4
3.58759E14	8.444E-4
3.59484E14	9.21995E-4
3.60209E14	8.42341E-4
3.60935E14	8.65624E-4
3.6166E14	0.00127
3.62386E14	9.31913E-4
3.63111E14	0.00101
3.63836E14	9.32631E-4
3.64562E14	7.28875E-4
3.65287E14	7.59932E-4
3.66013E14	9.52951E-4
3.66738E14	9.26489E-4
3.67463E14	4.96016E-4
3.68189E14	0.001
3.68914E14	7.47653E-4
3.6964E14	6.68055E-4
3.70365E14	0.00106
3.7109E14	0.0012
3.71816E14	9.90709E-4
3.72541E14	0.00121
3.73267E14	9.41504E-4
3.73992E14	0.00113
3.74717E14	0.00125
3.75443E14	0.00118
3.76168E14	0.00117
3.76894E14	0.001
3.77619E14	0.00103
3.78344E14	0.00145
3.7907E14	0.00126
3.79795E14	0.00106
3.80521E14	0.0011
3.81246E14	9.88371E-4
3.81971E14	0.00118
3.82697E14	0.00142
3.83422E14	0.00133
3.84148E14	0.00124
3.84873E14	0.00128
3.85598E14	0.00178
3.86324E14	0.0014
3.87049E14	0.00157
3.87775E14	0.00172
3.885E14	0.00144
3.89225E14	0.00138
3.89951E14	0.00135
3.90676E14	0.00174
3.91402E14	0.00161
3.92127E14	0.00145
3.92852E14	0.00119
3.93578E14	0.00171
3.94303E14	0.00173
3.95029E14	0.00151
3.95754E14	0.00157
3.96479E14	0.00161
3.97205E14	0.00176
3.9793E14	0.00173
3.98656E14	0.00184
3.99381E14	0.00192
4.00106E14	0.00173
4.00832E14	0.00185
4.01557E14	0.0016
4.02283E14	0.00141
4.03008E14	0.00154
4.03733E14	0.00173
4.04459E14	0.00147
4.05184E14	0.00124
4.0591E14	0.00134
4.06635E14	0.00157
4.0736E14	0.00154
4.08086E14	0.00166
4.08811E14	0.0016
4.09537E14	0.00156
4.10262E14	0.00168
4.10987E14	0.00132
4.11713E14	0.00186
4.12438E14	0.0019
4.13164E14	0.00185
4.13889E14	0.00165
4.14614E14	0.00208
4.1534E14	0.00177
4.16065E14	0.00162
4.16791E14	0.00171
4.17516E14	0.00139
4.18241E14	0.00155
4.18967E14	0.00197
4.19692E14	0.0013
4.20418E14	0.00118
4.21143E14	0.00136
4.21868E14	0.00156
4.22594E14	0.0019
4.23319E14	0.00152
4.24045E14	0.00158
4.2477E14	0.00146
4.25495E14	0.00168
4.26221E14	0.00136
4.26946E14	0.00154
4.27672E14	0.00159
4.28397E14	0.00153
4.29122E14	0.00161
4.29848E14	0.00144
4.30573E14	0.00147
4.31299E14	0.00126
4.32024E14	9.99102E-4
4.32749E14	0.0013
4.33475E14	0.00153
4.342E14	0.00142
4.34926E14	0.0013
4.35651E14	0.00144
4.36376E14	0.00114
4.37102E14	0.00127
4.37827E14	0.00111
4.38553E14	0.0011
4.39278E14	0.00103
4.40003E14	0.00102
4.40729E14	9.73386E-4
4.41454E14	9.37624E-4
4.4218E14	8.26344E-4
4.42905E14	7.31832E-4
4.4363E14	0.00102
4.44356E14	0.00101
4.45081E14	8.71039E-4
4.45807E14	6.68652E-4
4.46532E14	0.0011
4.47257E14	0.00152
4.47983E14	0.00144
4.48708E14	0.00105
4.49434E14	7.22984E-4
4.50159E14	8.99654E-4
4.50884E14	8.94827E-4
4.5161E14	7.49674E-4
4.52335E14	8.2614E-4
4.53061E14	7.72099E-4
4.53786E14	7.37671E-4
4.54511E14	8.49658E-4
4.55237E14	8.27083E-4
4.55962E14	8.79824E-4
4.56688E14	9.97973E-4
4.57413E14	8.89041E-4
4.58138E14	0.00102
4.58864E14	8.59342E-4
4.59589E14	9.90675E-4
4.60315E14	9.27958E-4
4.6104E14	4.91336E-4
4.61765E14	3.41258E-4
4.62491E14	5.46815E-4
4.63216E14	6.81872E-4
4.63942E14	5.30891E-4
4.64667E14	5.0242E-4
4.65392E14	6.16964E-4
4.66118E14	5.5053E-4
4.66843E14	7.66293E-4
4.67569E14	6.26724E-4
4.68294E14	6.97515E-4
4.69019E14	6.43862E-4
4.69745E14	3.49732E-4
4.7047E14	3.13299E-4
4.71196E14	2.8384E-4
4.71921E14	4.91925E-4
4.72646E14	2.28238E-4
4.73372E14	4.22905E-4
4.74097E14	5.45446E-4
4.74823E14	3.12536E-4
4.75548E14	2.4851E-4
4.76273E14	1.56532E-4
4.76999E14	5.49507E-4
4.77724E14	5.98843E-4
4.7845E14	5.53375E-4
4.79175E14	5.7642E-4
4.799E14	4.87511E-4
4.80626E14	8.77027E-4
4.81351E14	3.85633E-4
4.82077E14	3.45665E-4
4.82802E14	6.06368E-4
4.83527E14	6.32212E-4
4.84253E14	9.19539E-4
4.84978E14	6.47791E-4
4.85704E14	8.15133E-4
4.86429E14	8.61991E-4
4.87154E14	7.95401E-4
4.8788E14	8.064E-4
4.88605E14	7.61715E-4
4.89331E14	8.99207E-4
4.90056E14	7.28608E-4
4.90781E14	0.00103
4.91507E14	9.31949E-4
4.92232E14	9.25109E-4
4.92958E14	5.7863E-4
4.93683E14	4.07488E-4
4.94408E14	7.69406E-4
4.95134E14	7.92934E-4
4.95859E14	7.48372E-4
4.96585E14	8.78558E-4
4.9731E14	0.00111
4.98035E14	9.20257E-4
4.98761E14	6.35543E-4
4.99486E14	4.19912E-4
5.00212E14	4.81686E-4
5.00937E14	4.13448E-4
5.01662E14	5.54332E-4
5.02388E14	6.03783E-4
5.03113E14	8.90806E-4
5.03839E14	7.69507E-4
5.04564E14	0.00105
5.05289E14	6.9244E-4
5.06015E14	7.7463E-4
5.0674E14	6.07636E-4
5.07466E14	7.96843E-4
5.08191E14	3.6292E-4
5.08916E14	3.34795E-4
5.09642E14	5.98111E-4
5.10367E14	8.19751E-4
5.11093E14	6.90411E-4
5.11818E14	6.87898E-4
5.12543E14	5.8234E-4
5.13269E14	9.14858E-4
5.13994E14	6.1603E-4
5.1472E14	3.85482E-4
5.15445E14	2.98615E-4
5.1617E14	2.22319E-4
5.16896E14	3.41613E-4
5.17621E14	6.35231E-4
5.18347E14	4.56844E-4
5.19072E14	4.79127E-4
5.19797E14	6.61846E-4
5.20523E14	5.2869E-4
5.21248E14	7.04059E-4
5.21974E14	4.32911E-4
5.22699E14	5.76684E-4
5.23424E14	5.57705E-4
5.2415E14	4.97416E-4
5.24875E14	6.08375E-4
5.25601E14	5.94159E-4
5.26326E14	5.68232E-4
5.27051E14	4.80893E-4
5.27777E14	5.93508E-4
5.28502E14	5.92333E-4
5.29228E14	4.34338E-4
5.29953E14	4.16672E-4
5.30678E14	5.68238E-4
5.31404E14	3.56759E-4
5.32129E14	5.61387E-4
5.32855E14	5.92687E-4
5.3358E14	4.6661E-4
5.34305E14	3.85823E-4
5.35031E14	2.7296E-4
5.35756E14	2.84702E-4
5.36482E14	5.77759E-4
5.37207E14	6.07114E-4
5.37932E14	5.57886E-4
5.38658E14	6.50368E-4
5.39383E14	6.94052E-4
5.40109E14	5.66343E-4
5.40834E14	4.96211E-4
5.41559E14	4.0057E-4
5.42285E14	5.30052E-4
5.4301E14	5.26301E-4
5.43736E14	6.45084E-4
5.44461E14	4.5889E-4
5.45186E14	4.04758E-4
5.45912E14	2.80487E-4
5.46637E14	2.02767E-4
5.47363E14	9.66423E-5
5.48088E14	4.94617E-4
5.48813E14	2.47869E-4
5.49539E14	4.60936E-4
5.50264E14	2.88133E-4
5.5099E14	6.31618E-5
5.51715E14	1.88811E-4
5.5244E14	4.17158E-4
5.53166E14	2.54418E-4
5.53891E14	2.92727E-4
5.54617E14	2.58824E-4
5.55342E14	1.31369E-4
5.56067E14	1.71861E-4
5.56793E14	1.46667E-4
5.57518E14	3.8836E-4
5.58244E14	2.01626E-4
5.58969E14	3.91692E-4
5.59694E14	4.43127E-4
5.6042E14	5.26207E-4
5.61145E14	3.02526E-4
5.61871E14	3.65893E-4
5.62596E14	4.65244E-5
5.63321E14	2.34853E-4
5.64047E14	2.67369E-4
5.64772E14	3.6106E-4
5.65498E14	2.05925E-4
5.66223E14	2.97376E-4
5.66948E14	4.01091E-4
5.67674E14	5.71218E-4
5.68399E14	2.41575E-4
5.69125E14	4.41748E-4
5.6985E14	4.92246E-4
5.70575E14	5.54476E-4
5.71301E14	4.94923E-4
5.72026E14	3.65097E-4
5.72752E14	5.38482E-4
5.73477E14	6.58839E-4
5.74202E14	4.82863E-4
5.74928E14	3.80313E-4
5.75653E14	2.43582E-4
5.76379E14	1.71912E-4
5.77104E14	3.87724E-4
5.77829E14	2.88417E-4
5.78555E14	2.79011E-4
5.7928E14	5.77645E-4
5.80006E14	3.63849E-4
5.80731E14	2.48878E-4
5.81456E14	5.68653E-4
5.82182E14	2.82736E-4
5.82907E14	2.78078E-4
5.83633E14	3.24697E-4
5.84358E14	3.56825E-4
5.85083E14	3.31044E-4
5.85809E14	3.42901E-4
5.86534E14	4.27155E-4
5.8726E14	1.9226E-4
5.87985E14	2.22066E-4
5.8871E14	3.1978E-4
5.89436E14	3.23322E-4
5.90161E14	3.97346E-4
5.90887E14	3.70875E-4
5.91612E14	4.60033E-4
5.92337E14	5.62087E-4
5.93063E14	8.02225E-4
5.93788E14	5.23866E-4
5.94514E14	6.63473E-4
5.95239E14	3.0672E-4
5.95964E14	3.30614E-4
5.9669E14	3.51303E-4
5.97415E14	3.78881E-4
5.98141E14	3.58105E-4
5.98866E14	4.48241E-4
5.99591E14	3.94414E-4
6.00317E14	6.66618E-4
6.01042E14	5.17345E-4
6.01768E14	4.8055E-4
6.02493E14	4.85987E-4
6.03218E14	3.17434E-4
6.03944E14	2.97323E-4
6.04669E14	3.59331E-4
6.05395E14	2.93146E-4
6.0612E14	2.02031E-4
6.06845E14	1.95512E-4
6.07571E14	2.62495E-4
6.08296E14	1.4066E-4
6.09022E14	3.51456E-5
6.09747E14	3.23222E-4
6.10472E14	-8.80681E-5
6.11198E14	-5.5478E-5
6.11923E14	1.42658E-4
6.12649E14	1.54781E-4
6.13374E14	1.83311E-4
6.14099E14	3.27998E-4
6.14825E14	4.49233E-4
6.1555E14	3.27219E-4
6.16276E14	6.55158E-4
6.17001E14	5.44695E-4
6.17726E14	4.03396E-4
6.18452E14	1.54102E-4
6.19177E14	2.56447E-4
6.19903E14	2.733E-4
6.20628E14	3.02369E-4
6.21353E14	2.52967E-4
6.22079E14	3.7089E-4
6.22804E14	3.33533E-4
6.2353E14	8.00974E-5
6.24255E14	3.41832E-4
6.2498E14	4.55742E-4
6.25706E14	2.6491E-4
6.26431E14	4.48474E-4
6.27157E14	3.99345E-4
6.27882E14	4.03921E-4
6.28607E14	3.93336E-4
6.29333E14	2.989E-4
6.30058E14	1.34147E-4
6.30784E14	1.00365E-4
6.31509E14	1.10761E-4
6.32234E14	2.61349E-4
6.3296E14	1.41273E-4
6.33685E14	2.90355E-4
6.34411E14	6.06517E-4
6.35136E14	5.26625E-4
6.35861E14	1.48963E-4
6.36587E14	3.83893E-4
6.37312E14	4.98176E-4
6.38038E14	4.11724E-4
6.38763E14	5.0201E-5
6.39488E14	2.35461E-4
6.40214E14	3.66696E-4
6.40939E14	3.87752E-4
6.41665E14	2.9212E-4
6.4239E14	4.40631E-4
6.43115E14	2.54727E-4
6.43841E14	4.79681E-4
6.44566E14	2.56273E-4
6.45292E14	1.58091E-4
6.46017E14	2.04196E-4
6.46742E14	2.88507E-4
6.47468E14	3.10403E-4
6.48193E14	1.91919E-4
6.48919E14	4.44627E-4
6.49644E14	1.55853E-4
6.50369E14	-2.79982E-5
6.51095E14	1.45748E-4
6.5182E14	1.42818E-4
6.52546E14	6.73086E-5
6.53271E14	2.40474E-4
6.53996E14	3.37586E-4
6.54722E14	2.98472E-4
6.55447E14	2.70495E-4
6.56173E14	3.04159E-4
6.56898E14	3.88573E-4
6.57623E14	3.985E-4
6.58349E14	4.93205E-4
6.59074E14	4.81196E-4
6.598E14	1.77467E-4
6.60525E14	1.81929E-4
6.6125E14	1.76395E-4
6.61976E14	1.99909E-4
6.62701E14	3.36697E-4
6.63427E14	1.82924E-4
6.64152E14	2.73815E-4
6.64877E14	4.24286E-4
6.65603E14	2.59436E-4
6.66328E14	2.70791E-4
6.67054E14	2.5248E-4
6.67779E14	2.81385E-4
6.68504E14	3.91269E-4
6.6923E14	1.95127E-4
6.69955E14	3.17441E-4
6.70681E14	3.39784E-4
6.71406E14	8.31742E-5
6.72131E14	2.81952E-4
6.72857E14	1.92828E-4
6.73582E14	4.1076E-4
6.74308E14	2.19279E-4
6.75033E14	3.56138E-4
6.75758E14	2.34045E-4
6.76484E14	4.36212E-5
6.77209E14	1.0864E-4
6.77935E14	1.7767E-4
6.7866E14	2.64421E-4
6.79385E14	1.26036E-4
6.80111E14	2.10625E-4
6.80836E14	2.73875E-4
6.81562E14	3.31733E-4
6.82287E14	4.29516E-4
6.83012E14	5.55643E-4
6.83738E14	4.00626E-4
6.84463E14	1.60866E-4
6.85189E14	2.90605E-5
6.85914E14	1.81428E-5
6.86639E14	1.22363E-4
6.87365E14	2.1208E-5
6.8809E14	7.70894E-5
6.88816E14	2.09599E-4
6.89541E14	3.51257E-4
6.90266E14	1.82475E-4
6.90992E14	1.53434E-4
6.91717E14	2.51193E-4
6.92443E14	3.3658E-4
6.93168E14	2.92359E-4
6.93893E14	1.70328E-4
6.94619E14	1.13872E-4
6.95344E14	-1.10259E-5
6.9607E14	2.02063E-4
6.96795E14	4.5417E-4
6.9752E14	2.20831E-5
6.98246E14	7.07843E-5
6.98971E14	4.60703E-4
6.99697E14	2.64052E-4
7.00422E14	3.25866E-4
7.01147E14	1.66399E-4
7.01873E14	-5.18725E-5
7.02598E14	-8.89438E-5
7.03324E14	2.32843E-4
7.04049E14	4.36286E-5
7.04774E14	3.35238E-4
7.055E14	1.82435E-4
7.06225E14	3.41776E-4
7.06951E14	2.91629E-4
7.07676E14	2.85385E-4
7.08401E14	4.58065E-4
7.09127E14	5.36436E-4
7.09852E14	3.31867E-4
7.10578E14	1.68307E-4
7.11303E14	9.46092E-5
7.12028E14	4.00065E-4
7.12754E14	3.68669E-4
7.13479E14	1.68636E-4
7.14205E14	1.48265E-4
7.1493E14	2.86826E-4
7.15655E14	3.43413E-4
7.16381E14	6.11918E-4
7.17106E14	2.08037E-4
7.17832E14	9.96459E-5
7.18557E14	6.25371E-5
7.19282E14	-3.08225E-5
7.20008E14	4.0583E-5
7.20733E14	1.07774E-4
7.21459E14	2.21927E-4
7.22184E14	2.62656E-4
7.22909E14	1.45119E-4
7.23635E14	3.95577E-4
7.2436E14	2.98931E-4
7.25086E14	4.04339E-5
7.25811E14	4.48122E-5
7.26536E14	1.75005E-6
7.27262E14	2.22371E-4
7.27987E14	2.73704E-4
7.28713E14	1.64096E-4
7.29438E14	-1.52728E-4
7.30163E14	-5.07955E-6
7.30889E14	3.2351E-5
7.31614E14	1.09748E-4
7.3234E14	2.01452E-4
7.33065E14	1.29704E-4
7.3379E14	2.74263E-5
7.34516E14	2.45135E-4
7.35241E14	1.95885E-4
7.35967E14	2.14785E-4
7.36692E14	4.57379E-4
7.37417E14	3.72224E-4
7.38143E14	1.74084E-4
7.38868E14	1.63688E-4
7.39594E14	3.96014E-4
7.40319E14	1.94247E-4
7.41044E14	2.5977E-4
7.4177E14	1.57199E-4
7.42495E14	3.29323E-4
7.43221E14	8.28447E-5
7.43946E14	-5.64915E-7
7.44671E14	7.48207E-5
7.45397E14	3.97318E-4
7.46122E14	2.35358E-4
7.46848E14	5.21656E-5
7.47573E14	2.51188E-4
7.48298E14	1.43625E-4
7.49024E14	9.3339E-5
7.49749E14	1.18155E-4
7.50475E14	9.34649E-5
7.512E14	7.25796E-5
7.51925E14	9.54551E-6
7.52651E14	1.79781E-4
7.53376E14	3.422E-4
7.54102E14	3.93533E-4
7.54827E14	4.18948E-4
7.55552E14	5.22343E-4
7.56278E14	5.81874E-4
7.57003E14	2.86891E-4
7.57729E14	1.13477E-4
7.58454E14	9.38879E-6
7.59179E14	2.42473E-4
7.59905E14	1.87046E-4
7.6063E14	3.55307E-4
7.61356E14	3.44785E-4
7.62081E14	1.17107E-4
7.62806E14	5.4761E-5
7.63532E14	1.65701E-6
7.64257E14	8.84217E-5
7.64983E14	-4.27416E-5
7.65708E14	2.17681E-4
7.66433E14	-6.00874E-6
7.67159E14	-1.05201E-4
7.67884E14	2.79864E-5
7.6861E14	4.51104E-4
7.69335E14	3.9453E-4
7.7006E14	3.33105E-4
7.70786E14	4.0981E-4
7.71511E14	1.61957E-5
7.72237E14	-1.30389E-4
7.72962E14	-1.30309E-4
7.73687E14	1.01195E-4
7.74413E14	8.96064E-5
7.75138E14	6.12656E-5
7.75864E14	2.31736E-4
7.76589E14	3.08799E-4
7.77314E14	8.11413E-6
7.7804E14	5.07796E-4
7.78765E14	3.54408E-4
7.79491E14	2.69102E-5
7.80216E14	7.97962E-5
7.80941E14	4.41955E-5
7.81667E14	4.38358E-4
7.82392E14	1.89299E-4
7.83118E14	2.63328E-4
7.83843E14	1.75833E-4
7.84568E14	-3.08438E-5
7.85294E14	2.5456E-5
7.86019E14	8.20662E-5
7.86745E14	-5.1611E-5
7.8747E14	-7.12685E-5
7.88195E14	1.61394E-4
7.88921E14	3.11559E-5
7.89646E14	2.03629E-4
7.90372E14	2.5152E-4
7.91097E14	2.71665E-4
7.91822E14	1.83138E-4
7.92548E14	2.30262E-4
7.93273E14	2.26934E-4
7.93999E14	5.29148E-4
7.94724E14	4.22281E-4
7.95449E14	1.63385E-4
7.96175E14	2.7377E-4
7.969E14	4.60423E-4
7.97626E14	3.31429E-4
7.98351E14	-2.7946E-5
7.99076E14	3.96948E-4
7.99802E14	1.70884E-4
8.00527E14	1.22096E-4
8.01253E14	8.3983E-5
8.01978E14	2.6914E-4
8.02703E14	2.63829E-4
8.03429E14	3.00952E-4
8.04154E14	9.98869E-5
8.0488E14	2.88149E-4
8.05605E14	3.60058E-4
8.0633E14	-1.37705E-4
8.07056E14	-2.18327E-4
8.07781E14	1.99083E-4
8.08507E14	7.53667E-5
8.09232E14	-8.53926E-5
8.09957E14	2.35212E-4
8.10683E14	3.25891E-4
8.11408E14	-8.22826E-5
8.12134E14	-2.3977E-4
8.12859E14	1.86018E-5
8.13584E14	3.05439E-5
8.1431E14	-2.11289E-4
8.15035E14	-1.16636E-4
8.15761E14	-2.78045E-5
8.16486E14	8.52213E-5
8.17211E14	4.33919E-5
8.17937E14	1.90823E-4
8.18662E14	1.87677E-4
8.19388E14	2.12524E-4
8.20113E14	-1.58486E-4
8.20838E14	1.61777E-4
8.21564E14	-3.41233E-5
8.22289E14	3.59224E-4
8.23015E14	1.6391E-4
8.2374E14	9.61456E-5
8.24465E14	1.28786E-4
8.25191E14	3.65625E-4
8.25916E14	4.98209E-4
8.26642E14	-7.65774E-5
8.27367E14	-7.58403E-6
8.28092E14	-1.10829E-4
8.28818E14	3.07178E-5
8.29543E14	1.21159E-4
8.30269E14	1.80084E-4
8.30994E14	3.24611E-5
8.31719E14	1.22356E-4
8.32445E14	4.73602E-4
8.3317E14	6.23269E-4
8.33896E14	2.22266E-4
8.34621E14	2.47379E-4
8.35346E14	2.34822E-4
8.36072E14	5.95336E-5
8.36797E14	3.62419E-5
8.37523E14	3.78001E-4
8.38248E14	1.9539E-4
8.38973E14	2.94859E-4
8.39699E14	1.56565E-4
8.40424E14	1.219E-4
8.4115E14	-2.05612E-5
8.41875E14	2.12143E-4
8.426E14	6.41737E-5
8.43326E14	-9.15008E-5
8.44051E14	-2.18666E-4
8.44777E14	-1.27082E-4
8.45502E14	4.27374E-5
8.46227E14	2.64205E-4
8.46953E14	2.01884E-4
8.47678E14	2.68625E-4
8.48404E14	3.15538E-4
8.49129E14	7.07593E-4
8.49854E14	3.5193E-4
8.5058E14	2.26045E-4
8.51305E14	-5.63246E-5
8.52031E14	5.36445E-5
8.52756E14	-5.4867E-5
8.53481E14	-3.82903E-5
8.54207E14	-1.3621E-4
8.54932E14	1.06742E-4
8.55658E14	2.20689E-4
8.56383E14	3.36571E-4
8.57108E14	4.56109E-5
8.57834E14	-7.48649E-6
8.58559E14	-6.23585E-5
8.59285E14	1.91697E-5
8.6001E14	3.44356E-4
8.60735E14	4.2559E-4
8.61461E14	1.53689E-4
8.62186E14	1.35258E-4
8.62912E14	1.3082E-4
8.63637E14	2.62988E-4
8.64362E14	2.56043E-4
8.65088E14	3.69537E-4
8.65813E14	1.53224E-4
8.66539E14	1.41461E-4
8.67264E14	-6.13336E-5
8.67989E14	-8.50253E-5
8.68715E14	1.8203E-4
8.6944E14	1.3726E-5
8.70166E14	5.1485E-6
8.70891E14	-1.57631E-4
8.71616E14	7.62732E-5
8.72342E14	1.6521E-4
8.73067E14	-4.02304E-5
8.73793E14	2.98285E-4
8.74518E14	2.01223E-4
8.75243E14	2.92935E-4
8.75969E14	-2.08318E-5
8.76694E14	-2.20652E-4
8.7742E14	-1.47964E-4
8.78145E14	-1.46007E-5
8.7887E14	2.64754E-4
8.79596E14	2.65372E-4
8.80321E14	1.56403E-4
8.81047E14	-1.37092E-4
8.81772E14	1.35839E-4
8.82497E14	9.28369E-5
8.83223E14	1.46736E-5
8.83948E14	3.13732E-4
8.84674E14	-8.43007E-5
8.85399E14	2.21966E-4
8.86124E14	1.88614E-4
8.8685E14	4.0235E-4
8.87575E14	4.56446E-4
8.88301E14	3.64194E-4
8.89026E14	4.22287E-4
8.89751E14	8.23854E-5
8.90477E14	1.45832E-4
8.91202E14	5.54127E-5
8.91928E14	3.00669E-4
8.92653E14	3.84213E-4
8.93378E14	3.21979E-4
8.94104E14	3.87814E-4
8.94829E14	2.43016E-4
8.95555E14	4.34076E-4
8.9628E14	1.26001E-4
8.97005E14	2.02512E-4
8.97731E14	3.089E-5
8.98456E14	1.15917E-4
8.99182E14	1.12282E-4
8.99907E14	1.38399E-4
9.00632E14	2.15183E-4
9.01358E14	1.65781E-4
9.02083E14	3.5571E-4
9.02809E14	4.79111E-4
9.03534E14	-5.71098E-5
9.04259E14	4.91174E-5
9.04985E14	6.74891E-5
9.0571E14	7.00362E-5
9.06436E14	3.26543E-4
9.07161E14	2.38017E-4
9.07886E14	1.35837E-4
9.08612E14	1.76646E-4
9.09337E14	1.02359E-4
9.10063E14	3.75518E-4
9.10788E14	2.05215E-4
9.11513E14	1.25869E-4
9.12239E14	6.05561E-5
9.12964E14	5.10076E-4
9.1369E14	4.97662E-4
9.14415E14	2.59881E-4
9.1514E14	1.0177E-4
9.15866E14	2.7372E-4
9.16591E14	3.09523E-4
9.17317E14	2.3945E-4
9.18042E14	2.70103E-4
9.18767E14	4.09687E-4
9.19493E14	2.94857E-4
9.20218E14	3.88077E-4
9.20944E14	3.15505E-4
9.21669E14	-8.64278E-6
9.22394E14	3.61711E-4
9.2312E14	1.77524E-4
9.23845E14	-6.19214E-5
9.24571E14	-1.43902E-4
9.25296E14	-7.84546E-5
9.26021E14	1.46092E-4
9.26747E14	3.08464E-4
9.27472E14	3.71035E-4
9.28198E14	4.13788E-4
9.28923E14	2.00579E-4
9.29648E14	-5.08148E-5
9.30374E14	2.27765E-4
9.31099E14	3.64898E-4
9.31825E14	1.41745E-4
9.3255E14	1.42509E-4
9.33275E14	7.38055E-5
9.34001E14	-6.58903E-6
9.34726E14	-1.59242E-4
9.35452E14	6.42294E-5
9.36177E14	3.25342E-4
9.36902E14	5.59077E-4
9.37628E14	5.89416E-4
9.38353E14	1.66533E-4
9.39079E14	2.65235E-4
9.39804E14	2.79074E-4
9.40529E14	-8.14913E-5
9.41255E14	-1.40706E-4
9.4198E14	2.90184E-4
9.42706E14	5.08462E-4
9.43431E14	2.76136E-4
9.44156E14	-2.5403E-4
9.44882E14	2.42836E-4
9.45607E14	3.9687E-4
9.46333E14	9.52583E-5
9.47058E14	7.14729E-5
9.47783E14	1.56827E-4
9.48509E14	-1.99371E-5
9.49234E14	3.91864E-4
9.4996E14	5.15469E-4
9.50685E14	5.54686E-4
9.5141E14	3.36149E-4
9.52136E14	1.25812E-4
9.52861E14	2.54346E-4
9.53587E14	5.20763E-4
9.54312E14	2.32256E-4
9.55037E14	7.35159E-5
9.55763E14	6.26346E-5
9.56488E14	4.65032E-4
9.57214E14	2.99337E-4
9.57939E14	2.56048E-4
9.58664E14	3.84814E-4
9.5939E14	1.75342E-4
9.60115E14	5.78102E-5
9.60841E14	3.25451E-4
9.61566E14	5.97211E-5
9.62291E14	2.15287E-4
9.63017E14	1.46066E-4
9.63742E14	6.67957E-5
9.64468E14	1.74547E-4
9.65193E14	2.1594E-6
9.65918E14	5.82023E-5
9.66644E14	7.7058E-5
9.67369E14	1.58343E-4
9.68095E14	2.32899E-5
9.6882E14	1.40321E-4
9.69545E14	2.44002E-4
9.70271E14	5.04413E-4
9.70996E14	-1.60446E-4
9.71722E14	6.40736E-6
9.72447E14	2.27933E-4
9.73172E14	8.34331E-5
9.73898E14	4.01855E-4
9.74623E14	2.52783E-4
9.75349E14	2.4553E-4
9.76074E14	3.71498E-4
9.76799E14	4.98337E-4
9.77525E14	2.48273E-4
9.7825E14	3.24761E-4
9.78976E14	2.19485E-4
9.79701E14	2.06788E-4
9.80426E14	-1.84694E-4
9.81152E14	1.40357E-4
9.81877E14	1.17408E-4
9.82603E14	-3.22878E-4
9.83328E14	6.5951E-5
9.84053E14	-3.7304E-5
9.84779E14	1.75131E-4
9.85504E14	8.09579E-5
9.8623E14	1.90424E-4
9.86955E14	3.27692E-4
9.8768E14	1.5122E-4
9.88406E14	5.2063E-5
9.89131E14	9.07379E-5
9.89857E14	-3.35102E-4
9.90582E14	2.88132E-4
9.91307E14	4.90757E-4
9.92033E14	-1.4364E-4
9.92758E14	1.07227E-4
9.93484E14	6.38766E-4
9.94209E14	3.91577E-4
9.94934E14	3.91444E-4
9.9566E14	1.10861E-4
9.96385E14	3.03463E-4
9.97111E14	3.59167E-4
9.97836E14	-7.84552E-5
9.98561E14	8.2149E-5
9.99287E14	1.13008E-4
1.00001E15	1.91096E-4
1.00074E15	1.2763E-5
1.00146E15	3.81182E-4
1.00219E15	1.9561E-4
1.00291E15	3.33806E-4
1.00364E15	3.35829E-4
1.00436E15	1.04299E-4
1.00509E15	-6.56875E-5
1.00582E15	-1.34509E-4
1.00654E15	-5.01846E-4
1.00727E15	7.40042E-5
1.00799E15	2.89357E-4
1.00872E15	1.29164E-4
1.00944E15	-2.78665E-5
1.01017E15	1.05897E-5
1.01089E15	8.07238E-6
1.01162E15	7.04746E-5
1.01234E15	-2.68639E-5
1.01307E15	1.08837E-4
1.01379E15	5.40675E-6
1.01452E15	-3.14357E-5
1.01525E15	1.50188E-4
1.01597E15	-3.5319E-5
1.0167E15	6.86923E-5
1.01742E15	-2.34319E-4
1.01815E15	2.48285E-6
1.01887E15	1.46186E-4
1.0196E15	-8.55914E-5
1.02032E15	7.16737E-5
1.02105E15	-8.76277E-5
1.02177E15	-1.33534E-4
1.0225E15	1.85636E-4
1.02323E15	1.60462E-5
1.02395E15	-1.09445E-5
1.02468E15	3.79432E-4
1.0254E15	2.47233E-4
1.02613E15	3.0182E-5
1.02685E15	2.81563E-4
1.02758E15	1.98695E-4
1.0283E15	3.46996E-4
1.02903E15	3.07176E-4
1.02975E15	-1.28575E-4
1.03048E15	1.68741E-5
1.0312E15	2.48622E-5
1.03193E15	2.68308E-4
1.03266E15	1.37361E-4
1.03338E15	8.84225E-5
1.03411E15	1.88217E-4
1.03483E15	4.159E-4
1.03556E15	1.40253E-4
1.03628E15	-7.34868E-5
1.03701E15	-1.94029E-4
1.03773E15	-2.05014E-4
1.03846E15	-2.00652E-4
1.03918E15	6.35043E-5
1.03991E15	2.64909E-4
1.04063E15	2.2469E-4
1.04136E15	1.5657E-4
1.04209E15	3.64875E-4
1.04281E15	6.32187E-4
1.04354E15	5.32007E-4
1.04426E15	1.94202E-4
1.04499E15	-1.26481E-4
1.04571E15	2.06585E-4
1.04644E15	5.03362E-4
1.04716E15	1.06116E-4
1.04789E15	-1.40839E-4
1.04861E15	4.76823E-4
1.04934E15	4.1338E-5
1.05006E15	-9.03309E-5
1.05079E15	1.63786E-4
1.05152E15	3.01159E-4
1.05224E15	3.03904E-4
1.05297E15	1.01561E-4
1.05369E15	-4.64942E-4
1.05442E15	1.18933E-4
1.05514E15	2.8797E-4
1.05587E15	1.19673E-4
1.05659E15	4.03079E-4
1.05732E15	2.99331E-4
1.05804E15	3.03429E-5
1.05877E15	1.71435E-4
1.0595E15	5.0145E-4
1.06022E15	4.42453E-4
1.06095E15	5.9654E-4
1.06167E15	1.59201E-4
1.0624E15	2.56706E-5
1.06312E15	2.80446E-4
1.06385E15	6.23057E-5
1.06457E15	-1.24543E-4
1.0653E15	-1.46223E-4
1.06602E15	3.98821E-4
1.06675E15	3.89746E-4
1.06747E15	1.86975E-4
1.0682E15	-1.0876E-4
1.06893E15	-1.8424E-4
1.06965E15	-2.91953E-4
1.07038E15	6.94753E-6
1.0711E15	-1.57247E-4
1.07183E15	-1.64364E-5
1.07255E15	4.87328E-5
1.07328E15	5.16809E-4
1.074E15	2.34635E-4
1.07473E15	1.19002E-4
1.07545E15	9.88679E-5
1.07618E15	5.93099E-5
1.0769E15	2.7571E-5
1.07763E15	3.02727E-4
1.07836E15	3.41108E-4
1.07908E15	5.72539E-4
1.07981E15	3.39649E-4
1.08053E15	-4.77146E-5
1.08126E15	1.23235E-4
1.08198E15	1.19357E-4
1.08271E15	3.38794E-4
1.08343E15	2.54878E-4
1.08416E15	9.76055E-5
1.08488E15	1.15824E-4
1.08561E15	1.62709E-4
1.08633E15	9.35995E-5
1.08706E15	3.10616E-4
1.08779E15	1.60862E-4
1.08851E15	1.33455E-4
1.08924E15	3.16707E-4
1.08996E15	5.72092E-5
1.09069E15	5.40671E-5
1.09141E15	-1.9974E-4
1.09214E15	5.2445E-5
1.09286E15	1.39553E-4
1.09359E15	1.18197E-4
1.09431E15	5.02675E-5
1.09504E15	2.35972E-4
1.09577E15	2.76667E-4
1.09649E15	1.9885E-4
1.09722E15	8.50088E-6
1.09794E15	3.50096E-5
1.09867E15	8.50822E-5
1.09939E15	8.41292E-6
1.10012E15	-1.18152E-4
1.10084E15	2.78439E-4
1.10157E15	-2.30116E-5
1.10229E15	2.33833E-4
1.10302E15	1.03476E-4
1.10374E15	1.99509E-4
1.10447E15	-2.30914E-4
1.1052E15	-2.82091E-4
1.10592E15	-1.35229E-4
1.10665E15	3.70046E-5
1.10737E15	1.56653E-4
1.1081E15	3.94983E-4
1.10882E15	1.89212E-4
1.10955E15	3.02916E-4
1.11027E15	2.92606E-5
1.111E15	1.16037E-4
1.11172E15	-1.09055E-4
1.11245E15	3.6473E-5
1.11317E15	1.41389E-4
1.1139E15	2.453E-4
1.11463E15	1.753E-4
1.11535E15	-6.17636E-5
1.11608E15	-1.15297E-4
1.1168E15	-2.91006E-4
1.11753E15	-2.06212E-4
1.11825E15	5.25095E-5
1.11898E15	-2.83403E-5
1.1197E15	5.05136E-4
1.12043E15	1.96314E-4
1.12115E15	-5.38356E-5
1.12188E15	1.22958E-4
1.1226E15	2.8227E-4
1.12333E15	1.87271E-4
1.12406E15	-1.21329E-4
1.12478E15	1.6902E-4
1.12551E15	5.32242E-5
1.12623E15	4.35902E-4
1.12696E15	2.26605E-4
1.12768E15	3.22929E-4
1.12841E15	-1.95058E-6
1.12913E15	1.43601E-4
1.12986E15	8.91014E-5
1.13058E15	-9.64186E-5
1.13131E15	-1.78976E-4
1.13204E15	1.61306E-4
1.13276E15	7.37954E-5
1.13349E15	-8.31033E-5
1.13421E15	2.89769E-4
1.13494E15	3.42628E-4
1.13566E15	1.65183E-4
1.13639E15	2.05356E-4
1.13711E15	4.56565E-4
1.13784E15	7.25067E-4
1.13856E15	3.25986E-4
1.13929E15	5.37426E-4
1.14001E15	8.00281E-5
1.14074E15	2.82323E-4
1.14147E15	-1.15693E-4
1.14219E15	-1.38056E-4
1.14292E15	2.09035E-4
1.14364E15	3.3727E-4
1.14437E15	-8.47601E-5
1.14509E15	6.74467E-6
1.14582E15	-1.08691E-4
1.14654E15	-2.13145E-4
1.14727E15	9.00336E-5
1.14799E15	-4.1888E-4
1.14872E15	-1.75362E-4
1.14944E15	7.8534E-4
1.15017E15	6.5326E-4
1.1509E15	1.30289E-4
1.15162E15	4.00918E-4
1.15235E15	8.72897E-4
1.15307E15	2.73143E-4
1.1538E15	-6.99863E-5
1.15452E15	3.1332E-4
1.15525E15	1.93187E-4
1.15597E15	3.48628E-4
1.1567E15	4.72292E-4
1.15742E15	-3.67346E-6
1.15815E15	-3.65293E-5
1.15887E15	-5.60964E-5
1.1596E15	-5.55002E-5
1.16033E15	-1.15406E-4
1.16105E15	4.8573E-4
1.16178E15	2.5209E-5
1.1625E15	-8.62875E-5
1.16323E15	5.67782E-4
1.16395E15	9.74438E-6
1.16468E15	-7.65465E-6
1.1654E15	5.14107E-4
1.16613E15	5.91818E-4
1.16685E15	1.58157E-4
1.16758E15	-1.82533E-5
1.16831E15	2.17744E-4
1.16903E15	4.79641E-4
1.16976E15	3.42324E-4
1.17048E15	7.20771E-5
1.17121E15	2.38122E-4
1.17193E15	2.23846E-4
1.17266E15	1.67194E-4
1.17338E15	2.24728E-4
1.17411E15	6.40598E-5
1.17483E15	1.78007E-5
1.17556E15	1.83535E-4
1.17628E15	2.50126E-4
1.17701E15	-1.42248E-4
1.17774E15	6.11705E-4
1.17846E15	1.00018E-4
1.17919E15	2.09234E-4
1.17991E15	3.58883E-4
1.18064E15	3.15616E-4
1.18136E15	5.06288E-4
1.18209E15	4.66735E-4
1.18281E15	1.69295E-5
1.18354E15	-6.38042E-5
1.18426E15	-1.23721E-4
1.18499E15	-7.29234E-5
1.18571E15	1.65943E-4
1.18644E15	1.8467E-4
1.18717E15	3.4494E-4
1.18789E15	-1.63977E-4
1.18862E15	3.36177E-4
1.18934E15	2.11584E-4
1.19007E15	2.09952E-4
1.19079E15	3.42828E-4
1.19152E15	1.68904E-4
1.19224E15	3.74939E-4
1.19297E15	3.83098E-4
1.19369E15	-1.89742E-4
1.19442E15	4.73232E-4
1.19514E15	3.06256E-4
1.19587E15	3.27074E-5
1.1966E15	-2.26932E-5
1.19732E15	8.97591E-5
1.19805E15	2.46607E-4
1.19877E15	-3.22706E-5
1.1995E15	-4.20156E-5
1.20022E15	-1.83586E-4
1.20095E15	6.49951E-5
1.20167E15	-2.87517E-4
1.2024E15	3.13233E-4
1.20312E15	2.39128E-4
1.20385E15	4.14324E-5
1.20458E15	2.43418E-4
1.2053E15	1.84548E-4
1.20603E15	-1.40514E-5
1.20675E15	2.57488E-5
1.20748E15	5.5494E-6
1.2082E15	3.92984E-4
1.20893E15	-1.48844E-4
1.20965E15	-1.28426E-4
1.21038E15	-1.01496E-4
1.2111E15	-3.0549E-5
1.21183E15	-6.41172E-5
1.21255E15	3.53639E-4
1.21328E15	2.35387E-4
1.21401E15	-1.39235E-4
1.21473E15	-1.69246E-4
1.21546E15	2.47821E-4
1.21618E15	2.48162E-4
1.21691E15	1.60548E-4
1.21763E15	3.05861E-4
1.21836E15	1.62832E-4
1.21908E15	4.07677E-4
1.21981E15	5.60258E-5
1.22053E15	4.56073E-5
1.22126E15	2.04054E-4
1.22198E15	1.86439E-4
1.22271E15	-6.0826E-5
1.22344E15	3.1998E-4
1.22416E15	1.82838E-4
1.22489E15	3.7268E-6
1.22561E15	4.48844E-4
1.22634E15	5.0498E-4
1.22706E15	5.72237E-4
1.22779E15	3.05334E-4
1.22851E15	1.38602E-4
1.22924E15	2.16965E-4
1.22996E15	1.58283E-5
1.23069E15	-2.22687E-4
1.23141E15	-1.7781E-4
1.23214E15	-1.50731E-4
1.23287E15	1.12096E-4
1.23359E15	-1.33925E-4
1.23432E15	4.07947E-5
1.23504E15	1.37701E-4
1.23577E15	-1.93444E-4
1.23649E15	3.19948E-4
1.23722E15	6.37466E-4
1.23794E15	3.22472E-4
1.23867E15	3.25559E-4
1.23939E15	1.04471E-4
1.24012E15	-8.2388E-5
1.24085E15	1.5331E-4
1.24157E15	4.12543E-4
1.2423E15	3.85491E-4
1.24302E15	9.67389E-5
1.24375E15	2.03416E-4
1.24447E15	-2.08244E-4
1.2452E15	-5.63282E-5
1.24592E15	-1.58079E-4
1.24665E15	4.74308E-4
1.24737E15	4.21304E-4
1.2481E15	3.14208E-4
1.24882E15	5.92579E-5
1.24955E15	-3.23984E-4
1.25028E15	5.79457E-4
1.251E15	4.24414E-4
1.25173E15	7.01277E-5
1.25245E15	2.84837E-4
1.25318E15	2.35708E-4
1.2539E15	2.40377E-4
1.25463E15	-4.66361E-5
1.25535E15	-2.09214E-4
1.25608E15	6.88718E-6
1.2568E15	4.59309E-6
1.25753E15	-1.27751E-4
1.25825E15	1.48733E-4
1.25898E15	4.59169E-4
1.25971E15	9.28726E-5
1.26043E15	1.13903E-4
1.26116E15	-1.24596E-4
1.26188E15	4.08342E-4
1.26261E15	2.96465E-4
1.26333E15	3.3158E-4
1.26406E15	2.62277E-4
1.26478E15	3.14192E-4
1.26551E15	2.62925E-4
1.26623E15	4.10614E-4
1.26696E15	2.27476E-4
1.26768E15	1.24103E-4
1.26841E15	3.6617E-4
1.26914E15	7.58726E-5
1.26986E15	1.82601E-4
1.27059E15	2.13827E-5
1.27131E15	-9.24363E-5
1.27204E15	1.70504E-4
1.27276E15	-3.59556E-4
1.27349E15	-3.50165E-5
1.27421E15	4.58368E-5
1.27494E15	2.2526E-4
1.27566E15	-9.36222E-5
1.27639E15	-1.19262E-4
1.27712E15	-1.40961E-4
1.27784E15	-2.33675E-4
1.27857E15	1.93821E-4
1.27929E15	4.79434E-4
1.28002E15	6.1139E-4
1.28074E15	1.91159E-4
1.28147E15	-1.27605E-4
1.28219E15	1.06563E-4
1.28292E15	-1.33887E-4
1.28364E15	-1.45736E-4
1.28437E15	-3.73464E-4
1.28509E15	-9.71667E-6
1.28582E15	-1.80174E-4
1.28655E15	3.0578E-4
1.28727E15	-1.68151E-4
1.288E15	3.70566E-4
1.28872E15	-9.61707E-5
1.28945E15	1.32532E-4
1.29017E15	1.89743E-4
1.2909E15	2.29805E-4
1.29162E15	4.57821E-4
1.29235E15	3.22328E-4
1.29307E15	1.91763E-4
1.2938E15	1.32831E-5
1.29452E15	6.59955E-5
1.29525E15	-5.68575E-6
1.29598E15	1.30968E-4
1.2967E15	2.72399E-4
1.29743E15	-1.25425E-5
1.29815E15	1.77484E-4
1.29888E15	-2.61035E-4
1.2996E15	1.05916E-4
1.30033E15	1.63887E-4
1.30105E15	2.02115E-4
1.30178E15	3.68066E-4
1.3025E15	2.32835E-4
1.30323E15	2.54547E-4
1.30395E15	1.97885E-4
1.30468E15	4.05781E-4
1.30541E15	-1.79851E-4
1.30613E15	8.56089E-5
1.30686E15	3.18555E-4
1.30758E15	2.22126E-4
1.30831E15	7.52887E-5
1.30903E15	1.57422E-4
1.30976E15	1.61107E-4
1.31048E15	-5.17926E-5
1.31121E15	3.19125E-5
1.31193E15	6.92733E-5
1.31266E15	5.95179E-4
1.31339E15	1.87062E-4
1.31411E15	-3.88122E-5
1.31484E15	-1.6691E-4
1.31556E15	1.39047E-4
1.31629E15	5.6904E-5
1.31701E15	-8.48447E-6
1.31774E15	-1.03938E-4
1.31846E15	1.22264E-4
1.31919E15	-0.00103
1.31991E15	-7.26326E-4
1.32064E15	-4.91247E-4
1.32136E15	-3.06773E-4
1.32209E15	-0.00101
1.32282E15	-0.00135
1.32354E15	-0.00118
1.32427E15	-8.12211E-4
1.32499E15	-4.5337E-4
1.32572E15	-0.00149
1.32644E15	-0.00133
1.32717E15	-6.72933E-4
1.32789E15	3.0276E-4
1.32862E15	1.05065E-4
1.32934E15	-8.28669E-4
1.33007E15	-4.61266E-4
1.33079E15	-4.81315E-4
1.33152E15	-2.03413E-4
1.33225E15	6.46055E-6
1.33297E15	-3.38112E-4
1.3337E15	-7.5649E-4
1.33442E15	-2.6849E-4
1.33515E15	-4.00663E-4
1.33587E15	4.23224E-4
1.3366E15	-6.20039E-4
1.33732E15	-9.90321E-4
1.33805E15	-1.75437E-4
1.33877E15	-2.77597E-4
1.3395E15	4.25887E-4
1.34022E15	3.64466E-4
1.34095E15	-1.31089E-4
1.34168E15	8.68733E-4
1.3424E15	2.66004E-4
1.34313E15	5.733E-4
1.34385E15	0.0011
1.34458E15	0.00123
1.3453E15	3.95792E-4
1.34603E15	2.37141E-4
1.34675E15	8.18256E-4
1.34748E15	3.31858E-4
1.3482E15	7.27989E-4
1.34893E15	-2.79859E-5
1.34966E15	8.91278E-5
1.35038E15	-3.06089E-4
1.35111E15	8.65873E-4
1.35183E15	-5.21273E-6
1.35256E15	-6.03506E-4
1.35328E15	-4.45091E-4
1.35401E15	-7.1508E-4
1.35473E15	1.74181E-4
1.35546E15	-3.00506E-4
1.35618E15	-2.9619E-4
1.35691E15	6.73053E-5
1.35763E15	-1.64177E-4
1.35836E15	2.77251E-4
1.35909E15	3.28118E-4
1.35981E15	3.18147E-4
1.36054E15	-1.59893E-4
1.36126E15	-3.39621E-4
1.36199E15	2.75329E-4
1.36271E15	1.19017E-5
1.36344E15	9.55585E-5
1.36416E15	6.68423E-4
1.36489E15	4.75193E-4
1.36561E15	6.3491E-4
1.36634E15	1.18764E-4
1.36706E15	3.46926E-4
1.36779E15	4.27602E-4
1.36852E15	1.37172E-4
1.36924E15	-1.5251E-4
1.36997E15	-1.73852E-5
1.37069E15	1.92223E-4
1.37142E15	1.81092E-4
1.37214E15	-5.45574E-4
1.37287E15	-4.7221E-4
1.37359E15	1.99508E-4
1.37432E15	6.2545E-5
1.37504E15	-7.69043E-6
1.37577E15	-1.58291E-4
1.37649E15	-4.13024E-4
1.37722E15	-2.84303E-4
1.37795E15	-3.36787E-4
1.37867E15	1.8433E-4
1.3794E15	7.35062E-4
1.38012E15	2.07303E-4
1.38085E15	2.34399E-4
1.38157E15	2.61107E-4
1.3823E15	-5.43672E-6
1.38302E15	-6.98833E-4
1.38375E15	-1.12037E-4
1.38447E15	6.34021E-4
1.3852E15	-1.35382E-4
1.38593E15	2.35124E-5
1.38665E15	2.52361E-4
1.38738E15	1.50117E-4
1.3881E15	2.65218E-4
1.38883E15	3.61081E-4
1.38955E15	5.02494E-4
1.39028E15	-1.76677E-4
1.391E15	-1.37335E-4
1.39173E15	1.45784E-5
1.39245E15	6.21104E-6
1.39318E15	-1.75275E-4
1.3939E15	1.25761E-4
1.39463E15	6.68109E-4
1.39536E15	1.75251E-5
1.39608E15	-1.4851E-4
1.39681E15	-4.93254E-5
1.39753E15	-3.38455E-4
1.39826E15	6.04045E-4
1.39898E15	5.31361E-4
1.39971E15	6.24716E-4
1.40043E15	-3.45577E-5
1.40116E15	-1.79328E-4
1.40188E15	5.4531E-4
1.40261E15	3.29724E-4
1.40333E15	3.73951E-4
1.40406E15	-6.75608E-5
1.40479E15	-3.9213E-4
1.40551E15	1.02182E-4
1.40624E15	-2.18466E-4
1.40696E15	-5.59943E-5
1.40769E15	1.19017E-4
1.40841E15	1.76614E-4
1.40914E15	-9.55697E-5
1.40986E15	1.44087E-4
1.41059E15	4.85355E-4
1.41131E15	3.30223E-4
1.41204E15	1.45332E-4
1.41276E15	2.9773E-4
1.41349E15	4.60652E-4
1.41422E15	2.48912E-4
1.41494E15	1.94768E-4
1.41567E15	1.94221E-4
1.41639E15	1.86594E-4
1.41712E15	1.11286E-4
1.41784E15	-3.52715E-4
1.41857E15	-2.20504E-4
1.41929E15	-2.32354E-5
1.42002E15	7.63141E-5
1.42074E15	5.86776E-4
1.42147E15	8.27425E-4
1.4222E15	2.64621E-4
1.42292E15	2.67632E-4
1.42365E15	-1.0063E-4
1.42437E15	1.49317E-4
1.4251E15	7.10483E-4
1.42582E15	3.31741E-4
1.42655E15	-1.0183E-4
1.42727E15	8.55507E-5
1.428E15	-2.29671E-4
1.42872E15	1.70181E-4
1.42945E15	9.78766E-5
1.43017E15	4.8293E-5
1.4309E15	-1.46845E-4
1.43163E15	2.24175E-5
1.43235E15	1.7414E-4
1.43308E15	2.80276E-4
1.4338E15	3.82704E-4
1.43453E15	-1.0508E-4
1.43525E15	-2.10704E-5
1.43598E15	1.02444E-4
1.4367E15	-1.76294E-4
1.43743E15	-1.24362E-4
1.43815E15	7.96332E-5
1.43888E15	-1.34801E-4
1.4396E15	-4.02358E-4
1.44033E15	2.28054E-5
1.44106E15	8.73699E-6