Frequency (Hz)  Abs
-8.94632E14	3.90806E-4
-8.93908E14	7.02749E-4
-8.93184E14	3.39486E-4
-8.9246E14	1.73533E-4
-8.91736E14	3.37211E-4
-8.91012E14	-5.18816E-5
-8.90288E14	-5.25058E-5
-8.89564E14	3.9375E-4
-8.88839E14	3.70153E-4
-8.88115E14	1.88434E-4
-8.87391E14	-4.44497E-5
-8.86667E14	-5.86976E-5
-8.85943E14	1.34742E-4
-8.85219E14	1.79956E-4
-8.84495E14	3.84146E-4
-8.83771E14	1.17382E-4
-8.83047E14	-4.66111E-5
-8.82322E14	1.75878E-4
-8.81598E14	3.63958E-4
-8.80874E14	2.34699E-4
-8.8015E14	1.87907E-4
-8.79426E14	2.75107E-4
-8.78702E14	2.64659E-4
-8.77978E14	4.3861E-4
-8.77254E14	2.69108E-6
-8.76529E14	-2.91275E-5
-8.75805E14	3.4338E-4
-8.75081E14	4.09717E-4
-8.74357E14	1.69257E-4
-8.73633E14	-6.10368E-5
-8.72909E14	-5.20047E-5
-8.72185E14	3.38246E-4
-8.71461E14	2.39956E-4
-8.70737E14	1.53688E-4
-8.70012E14	2.06309E-4
-8.69288E14	2.01245E-4
-8.68564E14	4.06331E-4
-8.6784E14	1.49433E-4
-8.67116E14	5.60867E-5
-8.66392E14	2.38371E-4
-8.65668E14	1.76169E-4
-8.64944E14	4.50651E-4
-8.64219E14	3.72262E-4
-8.63495E14	2.5031E-4
-8.62771E14	4.53921E-4
-8.62047E14	4.94628E-4
-8.61323E14	1.82473E-4
-8.60599E14	5.39475E-4
-8.59875E14	8.46284E-6
-8.59151E14	4.63194E-4
-8.58427E14	4.41035E-4
-8.57702E14	3.46197E-5
-8.56978E14	3.86517E-4
-8.56254E14	4.49811E-4
-8.5553E14	3.28575E-4
-8.54806E14	-5.35299E-5
-8.54082E14	8.291E-5
-8.53358E14	2.13093E-4
-8.52634E14	-5.38597E-5
-8.51909E14	-5.83449E-5
-8.51185E14	3.25145E-4
-8.50461E14	3.93669E-4
-8.49737E14	1.72772E-4
-8.49013E14	3.69603E-4
-8.48289E14	-5.27582E-5
-8.47565E14	-5.41315E-5
-8.46841E14	-5.75097E-5
-8.46117E14	-4.92253E-5
-8.45392E14	1.53822E-4
-8.44668E14	1.60771E-4
-8.43944E14	2.33778E-4
-8.4322E14	3.25975E-4
-8.42496E14	-8.72241E-6
-8.41772E14	3.09766E-4
-8.41048E14	1.99967E-4
-8.40324E14	-5.81348E-5
-8.39599E14	-6.64194E-5
-8.38875E14	9.07005E-5
-8.38151E14	5.42474E-4
-8.37427E14	2.82491E-4
-8.36703E14	-4.92458E-5
-8.35979E14	-3.04399E-5
-8.35255E14	6.50749E-4
-8.34531E14	9.45781E-5
-8.33807E14	2.18933E-4
-8.33082E14	2.74555E-4
-8.32358E14	4.1727E-4
-8.31634E14	1.48977E-4
-8.3091E14	1.90188E-4
-8.30186E14	9.13299E-5
-8.29462E14	1.10279E-4
-8.28738E14	2.42711E-4
-8.28014E14	1.91327E-4
-8.27289E14	1.6862E-4
-8.26565E14	7.57059E-4
-8.25841E14	1.45889E-4
-8.25117E14	3.22605E-4
-8.24393E14	3.29765E-4
-8.23669E14	-5.01155E-5
-8.22945E14	2.62783E-4
-8.22221E14	4.65546E-4
-8.21497E14	-5.24708E-5
-8.20772E14	-4.30019E-5
-8.20048E14	6.23316E-4
-8.19324E14	7.88949E-4
-8.186E14	5.16716E-4
-8.17876E14	5.51244E-4
-8.17152E14	3.4714E-4
-8.16428E14	4.67031E-4
-8.15704E14	1.7781E-4
-8.1498E14	1.0591E-4
-8.14255E14	4.19532E-4
-8.13531E14	-3.25254E-5
-8.12807E14	5.38468E-4
-8.12083E14	3.46627E-4
-8.11359E14	8.95923E-5
-8.10635E14	4.3559E-4
-8.09911E14	4.90466E-4
-8.09187E14	3.79799E-4
-8.08462E14	3.88056E-4
-8.07738E14	4.89895E-4
-8.07014E14	6.89518E-4
-8.0629E14	1.96662E-4
-8.05566E14	5.33633E-4
-8.04842E14	4.69351E-4
-8.04118E14	3.28394E-4
-8.03394E14	2.00016E-4
-8.0267E14	2.01841E-4
-8.01945E14	1.44964E-4
-8.01221E14	-5.48244E-5
-8.00497E14	2.21874E-4
-7.99773E14	5.67838E-5
-7.99049E14	-5.72709E-5
-7.98325E14	-4.83833E-5
-7.97601E14	1.10738E-4
-7.96877E14	1.77686E-4
-7.96152E14	-6.33297E-5
-7.95428E14	1.45216E-4
-7.94704E14	3.75066E-4
-7.9398E14	4.7078E-4
-7.93256E14	2.29739E-4
-7.92532E14	4.0313E-4
-7.91808E14	3.53734E-4
-7.91084E14	6.44032E-4
-7.9036E14	1.41963E-4
-7.89635E14	2.01106E-4
-7.88911E14	2.40977E-4
-7.88187E14	-4.95147E-5
-7.87463E14	1.77289E-4
-7.86739E14	2.99957E-4
-7.86015E14	3.5329E-4
-7.85291E14	4.2384E-4
-7.84567E14	1.74033E-4
-7.83842E14	1.62407E-4
-7.83118E14	3.74607E-4
-7.82394E14	1.4144E-4
-7.8167E14	5.02695E-4
-7.80946E14	1.63182E-4
-7.80222E14	1.86333E-4
-7.79498E14	2.00314E-4
-7.78774E14	1.79729E-4
-7.7805E14	6.7644E-4
-7.77325E14	5.22095E-4
-7.76601E14	5.30929E-4
-7.75877E14	2.21499E-4
-7.75153E14	1.23097E-4
-7.74429E14	3.64919E-4
-7.73705E14	-6.71909E-5
-7.72981E14	1.85127E-4
-7.72257E14	3.10848E-4
-7.71532E14	3.83355E-4
-7.70808E14	2.98825E-4
-7.70084E14	3.8467E-4
-7.6936E14	6.07514E-4
-7.68636E14	4.84694E-4
-7.67912E14	1.89082E-4
-7.67188E14	-6.28585E-5
-7.66464E14	-7.00429E-5
-7.6574E14	-8.66953E-5
-7.65015E14	1.21913E-4
-7.64291E14	3.90175E-4
-7.63567E14	2.1885E-4
-7.62843E14	-6.48542E-5
-7.62119E14	4.22402E-4
-7.61395E14	2.73508E-4
-7.60671E14	3.74055E-4
-7.59947E14	2.0961E-4
-7.59222E14	2.38826E-4
-7.58498E14	5.12872E-4
-7.57774E14	3.50632E-4
-7.5705E14	-3.63057E-6
-7.56326E14	5.42977E-4
-7.55602E14	3.25753E-4
-7.54878E14	1.82713E-4
-7.54154E14	4.51717E-4
-7.5343E14	5.3177E-4
-7.52705E14	1.92497E-4
-7.51981E14	7.79622E-5
-7.51257E14	5.79423E-4
-7.50533E14	4.97017E-4
-7.49809E14	3.75507E-4
-7.49085E14	2.79222E-4
-7.48361E14	1.22849E-4
-7.47637E14	1.78516E-4
-7.46912E14	2.26551E-4
-7.46188E14	3.25658E-4
-7.45464E14	2.33514E-4
-7.4474E14	1.71511E-4
-7.44016E14	2.42594E-4
-7.43292E14	7.89999E-6
-7.42568E14	4.74731E-4
-7.41844E14	2.94691E-4
-7.4112E14	2.91428E-4
-7.40395E14	6.27342E-4
-7.39671E14	3.32411E-4
-7.38947E14	3.32155E-4
-7.38223E14	3.76953E-4
-7.37499E14	1.39695E-4
-7.36775E14	3.46506E-4
-7.36051E14	-7.13183E-5
-7.35327E14	2.71616E-4
-7.34602E14	3.67005E-4
-7.33878E14	3.223E-4
-7.33154E14	9.30826E-5
-7.3243E14	-7.38128E-5
-7.31706E14	-6.69637E-5
-7.30982E14	2.7539E-4
-7.30258E14	6.55065E-5
-7.29534E14	1.95028E-4
-7.2881E14	2.92004E-4
-7.28085E14	2.9812E-4
-7.27361E14	6.86846E-4
-7.26637E14	5.58881E-4
-7.25913E14	1.9328E-4
-7.25189E14	8.46503E-4
-7.24465E14	4.19196E-4
-7.23741E14	2.45011E-4
-7.23017E14	5.28402E-4
-7.22292E14	2.65785E-4
-7.21568E14	-8.62667E-5
-7.20844E14	9.51018E-5
-7.2012E14	1.39247E-4
-7.19396E14	2.85603E-4
-7.18672E14	5.87864E-4
-7.17948E14	1.26315E-4
-7.17224E14	-8.78502E-5
-7.165E14	7.20359E-5
-7.15775E14	5.01356E-4
-7.15051E14	3.05311E-4
-7.14327E14	-2.65881E-6
-7.13603E14	-7.68052E-5
-7.12879E14	1.79317E-4
-7.12155E14	3.65122E-4
-7.11431E14	1.90507E-4
-7.10707E14	2.91853E-4
-7.09982E14	3.31675E-4
-7.09258E14	3.4485E-4
-7.08534E14	3.71291E-4
-7.0781E14	4.51241E-4
-7.07086E14	3.88447E-4
-7.06362E14	-7.23509E-5
-7.05638E14	8.35171E-5
-7.04914E14	6.41853E-4
-7.0419E14	4.18864E-4
-7.03465E14	-6.04593E-5
-7.02741E14	2.71743E-4
-7.02017E14	2.59881E-4
-7.01293E14	2.7523E-4
-7.00569E14	1.05237E-4
-6.99845E14	2.36191E-4
-6.99121E14	2.3196E-4
-6.98397E14	3.48922E-4
-6.97673E14	6.26622E-4
-6.96948E14	1.43399E-4
-6.96224E14	4.45558E-4
-6.955E14	1.65939E-4
-6.94776E14	7.30986E-4
-6.94052E14	-2.11446E-5
-6.93328E14	4.35986E-4
-6.92604E14	2.83154E-4
-6.9188E14	3.05309E-4
-6.91155E14	1.70355E-4
-6.90431E14	1.31943E-4
-6.89707E14	1.76756E-4
-6.88983E14	2.70797E-4
-6.88259E14	2.89206E-4
-6.87535E14	-7.84219E-5
-6.86811E14	-7.45657E-5
-6.86087E14	7.133E-5
-6.85363E14	1.71974E-4
-6.84638E14	1.74074E-4
-6.83914E14	6.2208E-5
-6.8319E14	-6.71106E-5
-6.82466E14	-7.94243E-5
-6.81742E14	1.12479E-4
-6.81018E14	5.26621E-4
-6.80294E14	3.50426E-4
-6.7957E14	1.66555E-4
-6.78845E14	5.11475E-4
-6.78121E14	6.02116E-4
-6.77397E14	5.12724E-4
-6.76673E14	5.1328E-4
-6.75949E14	1.18744E-4
-6.75225E14	6.1146E-4
-6.74501E14	7.84678E-4
-6.73777E14	9.56819E-4
-6.73053E14	2.87412E-4
-6.72328E14	5.46944E-4
-6.71604E14	2.72224E-4
-6.7088E14	2.20062E-4
-6.70156E14	2.62762E-4
-6.69432E14	6.66909E-5
-6.68708E14	6.99911E-4
-6.67984E14	5.45225E-4
-6.6726E14	-3.05015E-5
-6.66535E14	-8.44536E-5
-6.65811E14	1.96824E-4
-6.65087E14	4.73283E-4
-6.64363E14	4.91092E-4
-6.63639E14	2.52245E-4
-6.62915E14	2.03785E-4
-6.62191E14	2.34687E-4
-6.61467E14	4.52788E-4
-6.60743E14	6.91645E-5
-6.60018E14	3.58262E-4
-6.59294E14	2.26952E-4
-6.5857E14	1.63692E-4
-6.57846E14	4.26049E-4
-6.57122E14	-9.96566E-5
-6.56398E14	1.31959E-4
-6.55674E14	6.2937E-4
-6.5495E14	2.26332E-4
-6.54225E14	7.87411E-4
-6.53501E14	3.65295E-4
-6.52777E14	1.22469E-4
-6.52053E14	1.04487E-4
-6.51329E14	8.00802E-5
-6.50605E14	1.63219E-4
-6.49881E14	1.91517E-4
-6.49157E14	5.51957E-4
-6.48433E14	5.2224E-4
-6.47708E14	1.16281E-4
-6.46984E14	4.26954E-4
-6.4626E14	5.57804E-4
-6.45536E14	2.26531E-4
-6.44812E14	1.71113E-6
-6.44088E14	4.34895E-4
-6.43364E14	4.64973E-4
-6.4264E14	2.51439E-4
-6.41915E14	3.44508E-4
-6.41191E14	1.68575E-4
-6.40467E14	5.71004E-4
-6.39743E14	2.96666E-4
-6.39019E14	2.80127E-4
-6.38295E14	1.62332E-4
-6.37571E14	7.32389E-4
-6.36847E14	2.38253E-4
-6.36123E14	5.37053E-4
-6.35398E14	1.18095E-4
-6.34674E14	1.14781E-5
-6.3395E14	2.74722E-4
-6.33226E14	1.4203E-4
-6.32502E14	3.65465E-4
-6.31778E14	2.79392E-4
-6.31054E14	2.33907E-4
-6.3033E14	1.98307E-4
-6.29605E14	2.12376E-4
-6.28881E14	4.59532E-4
-6.28157E14	-8.46143E-5
-6.27433E14	3.35213E-4
-6.26709E14	7.30024E-4
-6.25985E14	3.75043E-4
-6.25261E14	3.9315E-4
-6.24537E14	-9.20735E-5
-6.23813E14	5.39123E-4
-6.23088E14	4.13435E-4
-6.22364E14	3.19577E-4
-6.2164E14	1.93856E-4
-6.20916E14	4.25319E-4
-6.20192E14	8.40233E-5
-6.19468E14	5.03784E-4
-6.18744E14	2.32402E-4
-6.1802E14	7.27182E-4
-6.17295E14	4.75033E-4
-6.16571E14	4.87778E-4
-6.15847E14	4.62241E-4
-6.15123E14	3.56168E-4
-6.14399E14	6.25888E-5
-6.13675E14	3.29512E-4
-6.12951E14	2.94749E-4
-6.12227E14	4.21186E-4
-6.11503E14	3.34308E-4
-6.10778E14	3.14447E-4
-6.10054E14	1.13204E-4
-6.0933E14	2.50391E-4
-6.08606E14	-5.56918E-5
-6.07882E14	2.97195E-4
-6.07158E14	5.15826E-4
-6.06434E14	2.46921E-4
-6.0571E14	3.5612E-4
-6.04985E14	5.33454E-4
-6.04261E14	3.21173E-4
-6.03537E14	-1.14445E-4
-6.02813E14	5.06066E-4
-6.02089E14	3.58058E-4
-6.01365E14	2.22673E-4
-6.00641E14	4.90969E-4
-5.99917E14	6.60787E-4
-5.99193E14	5.38987E-4
-5.98468E14	5.60161E-4
-5.97744E14	4.9545E-4
-5.9702E14	3.63129E-4
-5.96296E14	3.89135E-4
-5.95572E14	2.40092E-4
-5.94848E14	6.57742E-4
-5.94124E14	1.95487E-4
-5.934E14	2.15063E-4
-5.92675E14	9.16964E-4
-5.91951E14	6.34281E-4
-5.91227E14	9.10037E-4
-5.90503E14	9.44512E-4
-5.89779E14	3.6979E-4
-5.89055E14	2.7179E-4
-5.88331E14	6.31272E-4
-5.87607E14	1.24567E-4
-5.86883E14	4.60678E-4
-5.86158E14	2.13157E-4
-5.85434E14	2.5421E-4
-5.8471E14	6.00277E-4
-5.83986E14	-1.16036E-4
-5.83262E14	2.93298E-4
-5.82538E14	6.48097E-4
-5.81814E14	2.17426E-4
-5.8109E14	3.76347E-4
-5.80366E14	2.69663E-4
-5.79641E14	3.55932E-4
-5.78917E14	2.09704E-4
-5.78193E14	7.73027E-4
-5.77469E14	4.48646E-4
-5.76745E14	0.00123
-5.76021E14	2.21762E-4
-5.75297E14	5.51106E-4
-5.74573E14	1.32119E-4
-5.73848E14	3.90739E-4
-5.73124E14	3.60536E-4
-5.724E14	3.65454E-4
-5.71676E14	7.50236E-5
-5.70952E14	7.5537E-5
-5.70228E14	5.23318E-4
-5.69504E14	2.74479E-4
-5.6878E14	3.15047E-4
-5.68056E14	6.83213E-4
-5.67331E14	4.03024E-4
-5.66607E14	4.55129E-4
-5.65883E14	7.00889E-4
-5.65159E14	6.01318E-4
-5.64435E14	7.63282E-4
-5.63711E14	2.96444E-4
-5.62987E14	1.82686E-4
-5.62263E14	2.88292E-4
-5.61538E14	4.62473E-4
-5.60814E14	3.46325E-4
-5.6009E14	4.66358E-4
-5.59366E14	6.91029E-4
-5.58642E14	4.61228E-4
-5.57918E14	4.28958E-4
-5.57194E14	4.63878E-4
-5.5647E14	5.05548E-4
-5.55746E14	5.57864E-4
-5.55021E14	3.32091E-4
-5.54297E14	3.92576E-4
-5.53573E14	5.22587E-4
-5.52849E14	2.24346E-4
-5.52125E14	3.67881E-4
-5.51401E14	1.82631E-4
-5.50677E14	1.94566E-4
-5.49953E14	5.71167E-4
-5.49228E14	4.72663E-4
-5.48504E14	6.38145E-4
-5.4778E14	3.08448E-4
-5.47056E14	4.46855E-4
-5.46332E14	2.60571E-4
-5.45608E14	3.77284E-4
-5.44884E14	5.31645E-4
-5.4416E14	5.55335E-4
-5.43436E14	1.10369E-4
-5.42711E14	6.16937E-4
-5.41987E14	5.74269E-4
-5.41263E14	4.39703E-4
-5.40539E14	3.45004E-4
-5.39815E14	7.29986E-4
-5.39091E14	6.42321E-4
-5.38367E14	4.32826E-4
-5.37643E14	4.67551E-4
-5.36918E14	5.30003E-4
-5.36194E14	6.52667E-4
-5.3547E14	2.38102E-4
-5.34746E14	2.25946E-4
-5.34022E14	3.87091E-4
-5.33298E14	7.39852E-4
-5.32574E14	2.84917E-4
-5.3185E14	6.16887E-4
-5.31126E14	4.76338E-4
-5.30401E14	7.1276E-4
-5.29677E14	3.18665E-4
-5.28953E14	1.19427E-4
-5.28229E14	6.69379E-4
-5.27505E14	4.89672E-4
-5.26781E14	7.9756E-4
-5.26057E14	5.23857E-4
-5.25333E14	5.46327E-4
-5.24608E14	4.1719E-4
-5.23884E14	2.11098E-4
-5.2316E14	2.99022E-4
-5.22436E14	2.94877E-4
-5.21712E14	3.27646E-4
-5.20988E14	1.9963E-4
-5.20264E14	3.17369E-4
-5.1954E14	2.82183E-4
-5.18816E14	1.98522E-4
-5.18091E14	5.54095E-4
-5.17367E14	1.40924E-4
-5.16643E14	2.27491E-4
-5.15919E14	-1.42269E-4
-5.15195E14	2.41302E-4
-5.14471E14	2.27661E-4
-5.13747E14	1.96017E-4
-5.13023E14	4.6989E-4
-5.12298E14	8.00934E-4
-5.11574E14	6.05266E-4
-5.1085E14	7.03689E-4
-5.10126E14	3.57061E-4
-5.09402E14	3.22502E-4
-5.08678E14	3.52698E-4
-5.07954E14	5.21697E-4
-5.0723E14	3.05989E-5
-5.06506E14	3.9378E-4
-5.05781E14	2.60159E-4
-5.05057E14	4.84895E-4
-5.04333E14	3.40613E-4
-5.03609E14	2.95994E-4
-5.02885E14	2.31213E-4
-5.02161E14	9.49785E-4
-5.01437E14	5.88775E-4
-5.00713E14	9.78234E-4
-4.99988E14	4.11417E-4
-4.99264E14	3.11405E-5
-4.9854E14	5.22261E-4
-4.97816E14	3.17354E-4
-4.97092E14	-1.57288E-4
-4.96368E14	1.01694E-4
-4.95644E14	4.03208E-4
-4.9492E14	2.9087E-4
-4.94196E14	3.57325E-4
-4.93471E14	7.63302E-4
-4.92747E14	4.6312E-4
-4.92023E14	2.65079E-4
-4.91299E14	3.75143E-4
-4.90575E14	9.8845E-4
-4.89851E14	9.44092E-4
-4.89127E14	-1.29919E-4
-4.88403E14	3.80765E-4
-4.87678E14	5.79879E-4
-4.86954E14	5.28014E-4
-4.8623E14	7.56773E-4
-4.85506E14	3.1509E-4
-4.84782E14	4.3413E-4
-4.84058E14	6.38095E-4
-4.83334E14	5.41035E-4
-4.8261E14	4.78899E-4
-4.81886E14	5.29306E-4
-4.81161E14	2.46322E-4
-4.80437E14	3.77146E-4
-4.79713E14	5.25145E-4
-4.78989E14	3.84739E-4
-4.78265E14	6.48948E-4
-4.77541E14	3.05141E-4
-4.76817E14	3.73666E-4
-4.76093E14	2.88334E-4
-4.75368E14	1.35518E-4
-4.74644E14	2.45681E-4
-4.7392E14	5.5573E-4
-4.73196E14	3.45708E-4
-4.72472E14	5.49866E-4
-4.71748E14	1.95319E-4
-4.71024E14	3.65737E-4
-4.703E14	6.26274E-4
-4.69576E14	2.03568E-4
-4.68851E14	6.17066E-4
-4.68127E14	5.20561E-4
-4.67403E14	4.26485E-4
-4.66679E14	2.43444E-4
-4.65955E14	5.76322E-4
-4.65231E14	6.34989E-4
-4.64507E14	5.62775E-4
-4.63783E14	6.75151E-4
-4.63059E14	3.01065E-4
-4.62334E14	6.76474E-4
-4.6161E14	6.90967E-4
-4.60886E14	6.00122E-4
-4.60162E14	3.37912E-4
-4.59438E14	5.90332E-4
-4.58714E14	2.39419E-4
-4.5799E14	4.90845E-4
-4.57266E14	5.88095E-4
-4.56541E14	7.26917E-4
-4.55817E14	6.71805E-4
-4.55093E14	6.70885E-4
-4.54369E14	3.08015E-4
-4.53645E14	2.87844E-4
-4.52921E14	5.9372E-4
-4.52197E14	7.35944E-4
-4.51473E14	5.70294E-4
-4.50749E14	2.80334E-4
-4.50024E14	2.69143E-4
-4.493E14	4.9415E-4
-4.48576E14	4.09724E-4
-4.47852E14	6.30266E-4
-4.47128E14	5.1033E-4
-4.46404E14	4.02737E-4
-4.4568E14	-2.14556E-5
-4.44956E14	3.92766E-4
-4.44231E14	6.06506E-4
-4.43507E14	-1.39067E-4
-4.42783E14	-1.4134E-4
-4.42059E14	2.81147E-4
-4.41335E14	5.40806E-4
-4.40611E14	5.77417E-4
-4.39887E14	6.24991E-4
-4.39163E14	6.95602E-4
-4.38439E14	1.07382E-4
-4.37714E14	2.23171E-4
-4.3699E14	7.46119E-4
-4.36266E14	6.03142E-4
-4.35542E14	3.1673E-4
-4.34818E14	7.75029E-4
-4.34094E14	4.4873E-4
-4.3337E14	7.04924E-4
-4.32646E14	-5.15239E-5
-4.31921E14	1.60962E-4
-4.31197E14	-1.66448E-4
-4.30473E14	4.38661E-4
-4.29749E14	9.9457E-4
-4.29025E14	3.95976E-4
-4.28301E14	2.33791E-4
-4.27577E14	2.70747E-4
-4.26853E14	-1.01709E-4
-4.26129E14	-6.70161E-5
-4.25404E14	5.53876E-4
-4.2468E14	4.02673E-4
-4.23956E14	-6.93309E-5
-4.23232E14	2.62138E-4
-4.22508E14	6.86966E-4
-4.21784E14	0.00106
-4.2106E14	8.51016E-4
-4.20336E14	0.00102
-4.19611E14	6.77681E-4
-4.18887E14	8.74769E-5
-4.18163E14	3.54941E-4
-4.17439E14	1.13571E-4
-4.16715E14	4.29255E-4
-4.15991E14	3.26395E-4
-4.15267E14	4.60707E-4
-4.14543E14	4.56851E-4
-4.13819E14	3.32379E-4
-4.13094E14	2.52937E-4
-4.1237E14	6.3842E-4
-4.11646E14	4.16378E-4
-4.10922E14	2.17913E-4
-4.10198E14	3.96547E-4
-4.09474E14	9.72121E-5
-4.0875E14	5.26406E-4
-4.08026E14	8.79282E-4
-4.07301E14	9.14237E-4
-4.06577E14	6.13554E-4
-4.05853E14	5.00717E-4
-4.05129E14	4.48385E-4
-4.04405E14	7.04723E-4
-4.03681E14	2.10351E-4
-4.02957E14	1.56077E-4
-4.02233E14	-2.34638E-5
-4.01509E14	2.70089E-4
-4.00784E14	3.87025E-4
-4.0006E14	6.93583E-4
-3.99336E14	4.2679E-4
-3.98612E14	8.93629E-4
-3.97888E14	8.1034E-4
-3.97164E14	4.88423E-4
-3.9644E14	6.26397E-4
-3.95716E14	6.25892E-4
-3.94991E14	6.7935E-4
-3.94267E14	5.29811E-4
-3.93543E14	2.19063E-4
-3.92819E14	2.96059E-4
-3.92095E14	2.29576E-4
-3.91371E14	5.75535E-4
-3.90647E14	6.17808E-4
-3.89923E14	8.98038E-4
-3.89199E14	6.0986E-4
-3.88474E14	4.03549E-4
-3.8775E14	6.67304E-4
-3.87026E14	4.82375E-4
-3.86302E14	9.30182E-4
-3.85578E14	9.80805E-4
-3.84854E14	7.38196E-4
-3.8413E14	3.86837E-4
-3.83406E14	0.00119
-3.82681E14	7.11929E-4
-3.81957E14	8.36921E-4
-3.81233E14	6.59615E-4
-3.80509E14	3.59931E-4
-3.79785E14	7.80199E-4
-3.79061E14	6.6711E-4
-3.78337E14	5.07292E-4
-3.77613E14	8.44432E-4
-3.76889E14	8.6505E-4
-3.76164E14	7.31707E-4
-3.7544E14	4.76996E-4
-3.74716E14	4.30715E-4
-3.73992E14	7.07373E-5
-3.73268E14	4.58912E-4
-3.72544E14	6.94929E-4
-3.7182E14	5.84164E-4
-3.71096E14	3.75599E-4
-3.70371E14	5.61095E-5
-3.69647E14	3.08203E-4
-3.68923E14	5.49532E-4
-3.68199E14	6.83654E-4
-3.67475E14	9.26379E-4
-3.66751E14	3.86008E-4
-3.66027E14	5.65748E-4
-3.65303E14	6.95433E-4
-3.64579E14	6.33988E-4
-3.63854E14	4.08994E-4
-3.6313E14	1.63338E-4
-3.62406E14	4.78856E-4
-3.61682E14	8.77348E-4
-3.60958E14	3.93481E-4
-3.60234E14	4.96255E-4
-3.5951E14	6.18366E-4
-3.58786E14	6.43371E-4
-3.58061E14	3.791E-4
-3.57337E14	7.42599E-4
-3.56613E14	5.75823E-4
-3.55889E14	3.46604E-4
-3.55165E14	6.99882E-4
-3.54441E14	7.56154E-4
-3.53717E14	6.62779E-4
-3.52993E14	3.95201E-4
-3.52269E14	2.59159E-4
-3.51544E14	8.55003E-4
-3.5082E14	3.14109E-4
-3.50096E14	2.47859E-4
-3.49372E14	1.38025E-4
-3.48648E14	4.15306E-4
-3.47924E14	3.72196E-4
-3.472E14	7.28295E-4
-3.46476E14	4.66042E-4
-3.45752E14	5.1172E-4
-3.45027E14	4.23374E-4
-3.44303E14	0.00102
-3.43579E14	4.27574E-4
-3.42855E14	3.42869E-4
-3.42131E14	8.74838E-4
-3.41407E14	1.44832E-4
-3.40683E14	5.64194E-4
-3.39959E14	8.82011E-4
-3.39234E14	4.63669E-4
-3.3851E14	7.51369E-4
-3.37786E14	5.62803E-4
-3.37062E14	5.79048E-4
-3.36338E14	8.99001E-4
-3.35614E14	4.70827E-4
-3.3489E14	3.33497E-4
-3.34166E14	5.01622E-4
-3.33442E14	5.35484E-4
-3.32717E14	7.20334E-4
-3.31993E14	2.65403E-4
-3.31269E14	0.00111
-3.30545E14	6.35469E-4
-3.29821E14	8.08503E-4
-3.29097E14	4.74831E-4
-3.28373E14	2.39409E-4
-3.27649E14	6.8679E-4
-3.26924E14	5.22468E-4
-3.262E14	5.34841E-4
-3.25476E14	4.0414E-4
-3.24752E14	0.00137
-3.24028E14	5.62401E-4
-3.23304E14	8.27323E-4
-3.2258E14	4.02082E-4
-3.21856E14	7.69046E-4
-3.21132E14	5.3868E-4
-3.20407E14	5.21721E-4
-3.19683E14	3.60584E-4
-3.18959E14	5.50575E-4
-3.18235E14	4.13671E-4
-3.17511E14	5.0737E-4
-3.16787E14	3.10838E-4
-3.16063E14	4.71742E-4
-3.15339E14	3.84454E-4
-3.14614E14	9.85188E-4
-3.1389E14	2.8595E-4
-3.13166E14	5.98292E-4
-3.12442E14	7.17288E-4
-3.11718E14	6.09961E-4
-3.10994E14	6.10035E-4
-3.1027E14	5.00767E-4
-3.09546E14	8.81236E-4
-3.08822E14	8.20266E-4
-3.08097E14	6.51536E-4
-3.07373E14	0.00104
-3.06649E14	4.97584E-4
-3.05925E14	6.07284E-4
-3.05201E14	4.34926E-4
-3.04477E14	6.04476E-4
-3.03753E14	8.84997E-4
-3.03029E14	6.6185E-4
-3.02304E14	6.3304E-4
-3.0158E14	7.355E-4
-3.00856E14	7.66344E-4
-3.00132E14	8.8102E-4
-2.99408E14	0.00127
-2.98684E14	7.36409E-4
-2.9796E14	5.47051E-4
-2.97236E14	4.12134E-4
-2.96512E14	0.00121
-2.95787E14	8.83849E-4
-2.95063E14	3.16306E-4
-2.94339E14	3.39844E-4
-2.93615E14	7.23312E-4
-2.92891E14	0.00113
-2.92167E14	1.00225E-4
-2.91443E14	1.54004E-4
-2.90719E14	3.04771E-4
-2.89994E14	4.49766E-4
-2.8927E14	3.27274E-4
-2.88546E14	5.13695E-4
-2.87822E14	8.54716E-4
-2.87098E14	7.60549E-4
-2.86374E14	5.79019E-4
-2.8565E14	5.90508E-4
-2.84926E14	0.00109
-2.84202E14	1.03197E-4
-2.83477E14	7.91826E-4
-2.82753E14	6.62646E-4
-2.82029E14	4.90946E-4
-2.81305E14	5.79404E-4
-2.80581E14	9.39195E-4
-2.79857E14	7.45047E-4
-2.79133E14	5.41161E-4
-2.78409E14	7.63598E-4
-2.77684E14	8.54657E-4
-2.7696E14	6.93078E-4
-2.76236E14	6.47556E-4
-2.75512E14	6.56083E-4
-2.74788E14	6.26788E-4
-2.74064E14	5.58397E-4
-2.7334E14	0.00138
-2.72616E14	4.44847E-4
-2.71892E14	5.34295E-4
-2.71167E14	6.3904E-4
-2.70443E14	5.45499E-4
-2.69719E14	9.12395E-4
-2.68995E14	3.83855E-4
-2.68271E14	6.6764E-4
-2.67547E14	9.09075E-4
-2.66823E14	7.73752E-4
-2.66099E14	8.79867E-4
-2.65374E14	5.83895E-4
-2.6465E14	5.04506E-4
-2.63926E14	7.31635E-4
-2.63202E14	2.56545E-4
-2.62478E14	8.08262E-4
-2.61754E14	2.98079E-4
-2.6103E14	6.78775E-4
-2.60306E14	9.13522E-5
-2.59582E14	9.17027E-4
-2.58857E14	0.00119
-2.58133E14	4.22478E-4
-2.57409E14	5.06199E-4
-2.56685E14	9.04011E-4
-2.55961E14	0.00124
-2.55237E14	8.16823E-4
-2.54513E14	5.95722E-4
-2.53789E14	8.08908E-4
-2.53064E14	0.00117
-2.5234E14	7.9441E-4
-2.51616E14	8.59669E-4
-2.50892E14	5.53479E-4
-2.50168E14	9.44592E-4
-2.49444E14	9.12609E-4
-2.4872E14	5.78464E-4
-2.47996E14	9.84374E-4
-2.47272E14	8.62205E-4
-2.46547E14	8.59269E-4
-2.45823E14	4.97224E-4
-2.45099E14	1.65103E-4
-2.44375E14	5.53548E-4
-2.43651E14	4.6706E-4
-2.42927E14	6.13178E-4
-2.42203E14	6.81992E-4
-2.41479E14	8.35917E-4
-2.40754E14	0.0011
-2.4003E14	6.01269E-4
-2.39306E14	8.72563E-4
-2.38582E14	4.51177E-4
-2.37858E14	0.00106
-2.37134E14	0.00106
-2.3641E14	6.23539E-4
-2.35686E14	0.00102
-2.34962E14	0.0012
-2.34237E14	0.00137
-2.33513E14	9.16456E-4
-2.32789E14	9.93367E-4
-2.32065E14	6.16903E-4
-2.31341E14	5.73448E-4
-2.30617E14	9.54908E-4
-2.29893E14	0.00121
-2.29169E14	8.10721E-4
-2.28445E14	4.82012E-4
-2.2772E14	8.99668E-4
-2.26996E14	6.52205E-4
-2.26272E14	3.98381E-4
-2.25548E14	5.47154E-4
-2.24824E14	8.26211E-4
-2.241E14	6.53496E-4
-2.23376E14	0.00107
-2.22652E14	6.25225E-4
-2.21927E14	0.00103
-2.21203E14	9.61005E-4
-2.20479E14	5.84621E-4
-2.19755E14	6.3196E-4
-2.19031E14	0.00125
-2.18307E14	0.001
-2.17583E14	0.002
-2.16859E14	4.81893E-4
-2.16135E14	5.18552E-4
-2.1541E14	0.00121
-2.14686E14	0.00142
-2.13962E14	0.00109
-2.13238E14	0.00113
-2.12514E14	6.14465E-4
-2.1179E14	0.00123
-2.11066E14	5.5074E-4
-2.10342E14	6.57719E-4
-2.09617E14	0.00105
-2.08893E14	0.00105
-2.08169E14	0.00127
-2.07445E14	7.49151E-4
-2.06721E14	0.00172
-2.05997E14	6.58356E-4
-2.05273E14	7.58741E-4
-2.04549E14	0.00138
-2.03825E14	0.00153
-2.031E14	0.00163
-2.02376E14	0.00123
-2.01652E14	0.00154
-2.00928E14	8.05734E-4
-2.00204E14	0.00113
-1.9948E14	0.0011
-1.98756E14	0.00116
-1.98032E14	0.00124
-1.97307E14	0.0022
-1.96583E14	0.00192
-1.95859E14	8.43512E-4
-1.95135E14	8.33522E-4
-1.94411E14	6.35289E-4
-1.93687E14	0.00113
-1.92963E14	7.39544E-4
-1.92239E14	0.00105
-1.91515E14	0.00107
-1.9079E14	0.00104
-1.90066E14	0.00117
-1.89342E14	0.00183
-1.88618E14	0.00111
-1.87894E14	0.00109
-1.8717E14	0.0012
-1.86446E14	7.40675E-4
-1.85722E14	0.00122
-1.84997E14	0.00127
-1.84273E14	0.00147
-1.83549E14	0.00112
-1.82825E14	0.00112
-1.82101E14	0.0012
-1.81377E14	0.00135
-1.80653E14	0.00102
-1.79929E14	5.67174E-4
-1.79205E14	9.64235E-4
-1.7848E14	0.00124
-1.77756E14	0.00147
-1.77032E14	0.00159
-1.76308E14	0.00177
-1.75584E14	4.79144E-4
-1.7486E14	7.18833E-4
-1.74136E14	0.00121
-1.73412E14	9.41586E-4
-1.72687E14	0.00125
-1.71963E14	0.00135
-1.71239E14	0.00138
-1.70515E14	0.00122
-1.69791E14	7.61221E-4
-1.69067E14	0.0015
-1.68343E14	0.00108
-1.67619E14	0.00143
-1.66895E14	7.0349E-4
-1.6617E14	0.00168
-1.65446E14	0.00159
-1.64722E14	0.00154
-1.63998E14	0.00186
-1.63274E14	0.00119
-1.6255E14	0.00121
-1.61826E14	0.00173
-1.61102E14	0.00237
-1.60377E14	0.00127
-1.59653E14	0.00184
-1.58929E14	0.00106
-1.58205E14	0.00161
-1.57481E14	0.00239
-1.56757E14	5.60081E-4
-1.56033E14	0.00141
-1.55309E14	0.00254
-1.54585E14	0.00175
-1.5386E14	8.89885E-4
-1.53136E14	0.00125
-1.52412E14	0.00147
-1.51688E14	0.00193
-1.50964E14	0.00142
-1.5024E14	0.00102
-1.49516E14	9.99693E-4
-1.48792E14	0.00178
-1.48067E14	7.04992E-4
-1.47343E14	0.00151
-1.46619E14	0.00146
-1.45895E14	0.00136
-1.45171E14	0.00112
-1.44447E14	0.00194
-1.43723E14	0.00149
-1.42999E14	0.00205
-1.42275E14	0.00187
-1.4155E14	0.0016
-1.40826E14	0.00163
-1.40102E14	0.00155
-1.39378E14	0.0016
-1.38654E14	0.00154
-1.3793E14	5.60792E-4
-1.37206E14	0.0021
-1.36482E14	0.00217
-1.35757E14	0.00112
-1.35033E14	0.00169
-1.34309E14	0.00181
-1.33585E14	8.51709E-4
-1.32861E14	0.00108
-1.32137E14	0.00167
-1.31413E14	0.00193
-1.30689E14	0.00175
-1.29965E14	0.00171
-1.2924E14	5.79099E-4
-1.28516E14	0.00118
-1.27792E14	9.47864E-4
-1.27068E14	8.88635E-4
-1.26344E14	0.001
-1.2562E14	0.00223
-1.24896E14	0.00161
-1.24172E14	0.00161
-1.23447E14	0.00128
-1.22723E14	0.00205
-1.21999E14	0.00123
-1.21275E14	0.00193
-1.20551E14	0.00173
-1.19827E14	0.00172
-1.19103E14	0.00144
-1.18379E14	0.00158
-1.17655E14	0.00218
-1.1693E14	0.00204
-1.16206E14	0.0025
-1.15482E14	7.81834E-4
-1.14758E14	0.00123
-1.14034E14	0.0025
-1.1331E14	0.00176
-1.12586E14	0.00235
-1.11862E14	0.00141
-1.11138E14	0.0018
-1.10413E14	0.00301
-1.09689E14	0.00133
-1.08965E14	0.00125
-1.08241E14	0.00184
-1.07517E14	1.98628E-4
-1.06793E14	0.00191
-1.06069E14	0.00209
-1.05345E14	0.00216
-1.0462E14	0.00261
-1.03896E14	0.00214
-1.03172E14	0.00143
-1.02448E14	0.00313
-1.01724E14	0.00317
-1.01E14	0.00189
-1.00276E14	0.00142
-9.95516E13	0.00165
-9.88275E13	0.00191
-9.81034E13	0.00235
-9.73793E13	0.00185
-9.66552E13	0.00156
-9.5931E13	0.00119
-9.52069E13	0.00181
-9.44828E13	0.00155
-9.37587E13	6.85001E-4
-9.30346E13	0.00242
-9.23105E13	0.00212
-9.15863E13	0.00285
-9.08622E13	0.00179
-9.01381E13	0.00157
-8.9414E13	0.00125
-8.86899E13	0.00159
-8.79658E13	0.00205
-8.72416E13	0.00237
-8.65175E13	0.00222
-8.57934E13	0.00224
-8.50693E13	0.0014
-8.43452E13	0.00254
-8.3621E13	0.00196
-8.28969E13	0.00238
-8.21728E13	0.00253
-8.14487E13	0.00164
-8.07246E13	0.00235
-8.00005E13	0.00262
-7.92763E13	0.00212
-7.85522E13	0.00198
-7.78281E13	0.00215
-7.7104E13	0.00234
-7.63799E13	0.0034
-7.56558E13	0.00308
-7.49316E13	0.00312
-7.42075E13	0.00326
-7.34834E13	0.00397
-7.27593E13	0.00271
-7.20352E13	0.00332
-7.13111E13	0.00338
-7.05869E13	0.00217
-6.98628E13	0.00248
-6.91387E13	0.00377
-6.84146E13	0.00214
-6.76905E13	0.00276
-6.69664E13	0.00317
-6.62422E13	0.00372
-6.55181E13	0.00127
-6.4794E13	0.00333
-6.40699E13	0.00294
-6.33458E13	0.00295
-6.26216E13	0.00203
-6.18975E13	0.00483
-6.11734E13	0.00288
-6.04493E13	0.0016
-5.97252E13	0.00189
-5.90011E13	0.00254
-5.82769E13	0.00387
-5.75528E13	0.00299
-5.68287E13	0.00169
-5.61046E13	0.00225
-5.53805E13	0.00364
-5.46564E13	0.00415
-5.39322E13	0.00352
-5.32081E13	0.0044
-5.2484E13	0.00368
-5.17599E13	0.00577
-5.10358E13	0.00315
-5.03117E13	0.00382
-4.95875E13	0.0043
-4.88634E13	0.00451
-4.81393E13	0.00281
-4.74152E13	0.00672
-4.66911E13	0.00539
-4.5967E13	0.00574
-4.52428E13	0.00485
-4.45187E13	0.00643
-4.37946E13	0.00767
-4.30705E13	0.00583
-4.23464E13	0.00672
-4.16222E13	0.0047
-4.08981E13	0.00534
-4.0174E13	0.0049
-3.94499E13	0.00423
-3.87258E13	0.00663
-3.80017E13	0.0054
-3.72775E13	0.00502
-3.65534E13	0.00899
-3.58293E13	0.00952
-3.51052E13	0.00586
-3.43811E13	0.00638
-3.3657E13	0.00598
-3.29328E13	0.00832
-3.22087E13	0.00772
-3.14846E13	0.00714
-3.07605E13	0.00684
-3.00364E13	0.00966
-2.93123E13	0.00905
-2.85881E13	0.01316
-2.7864E13	0.01031
-2.71399E13	0.00912
-2.64158E13	0.00697
-2.56917E13	0.00825
-2.49675E13	0.01488
-2.42434E13	0.01099
-2.35193E13	0.01892
-2.27952E13	0.0202
-2.20711E13	0.01292
-2.1347E13	0.01859
-2.06228E13	0.01008
-1.98987E13	0.02865
-1.91746E13	0.02385
-1.84505E13	0.03049
-1.77264E13	0.03701
-1.70023E13	0.019
-1.62781E13	0.02094
-1.5554E13	0.03873
-1.48299E13	0.01847
-1.41058E13	0.03841
-1.33817E13	0.05244
-1.26576E13	0.04452
-1.19334E13	0.03079
-1.12093E13	0.0511
-1.04852E13	0.03387
-9.76109E12	0.02139
-9.03697E12	0.04093
-8.31285E12	0.02635
-7.58873E12	0.02363
-6.86462E12	0.00917
-6.1405E12	-0.01097
-5.41638E12	-0.03776
-4.69227E12	-0.01343
-3.96815E12	0.0167
-3.24403E12	0.03027
-2.51991E12	-0.03338
-1.7958E12	-0.03566
-1.07168E12	-8.46284E-4
-3.47562E11	-0.00832
3.76556E11	0.03472
1.10067E12	0.04153
1.82479E12	0.04414
2.54891E12	0.00475
3.27302E12	-0.04003
3.99714E12	0.03104
4.72126E12	-0.01818
5.44538E12	-7.80712E-4
6.16949E12	0.01544
6.89361E12	0.02741
7.61773E12	0.01364
8.34185E12	0.0285
9.06596E12	0.02303
9.79008E12	0.00415
1.05142E13	0.02585
1.12383E13	0.03492
1.19624E13	0.06297
1.26865E13	0.03971
1.34107E13	0.03414
1.41348E13	0.02037
1.48589E13	0.04728
1.5583E13	0.03657
1.63071E13	0.02451
1.70313E13	0.02528
1.77554E13	0.02688
1.84795E13	0.0222
1.92036E13	0.01544
1.99277E13	0.00952
2.06518E13	0.02438
2.1376E13	0.00905
2.21001E13	-4.47839E-4
2.28242E13	-0.00462
2.35483E13	0.00494
2.42724E13	0.0066
2.49965E13	0.00561
2.57207E13	-0.00173
2.64448E13	0.00286
2.71689E13	-0.00392
2.7893E13	-0.00567
2.86171E13	-0.00656
2.93412E13	-8.86875E-5
3.00654E13	-0.0045
3.07895E13	-0.00414
3.15136E13	-0.00236
3.22377E13	-0.00309
3.29618E13	-2.07777E-4
3.3686E13	-0.00252
3.44101E13	5.53E-4
3.51342E13	9.95806E-4
3.58583E13	-0.00347
3.65824E13	-2.85874E-5
3.73065E13	9.09563E-4
3.80307E13	1.31973E-4
3.87548E13	-4.13975E-4
3.94789E13	-0.00233
4.0203E13	9.19686E-4
4.09271E13	-0.00109
4.16512E13	-4.36373E-4
4.23754E13	0.0028
4.30995E13	0.00132
4.38236E13	0.0012
4.45477E13	0.00114
4.52718E13	0.00586
4.59959E13	0.00725
4.67201E13	0.00498
4.74442E13	0.0069
4.81683E13	0.00876
4.88924E13	0.00974
4.96165E13	0.009
5.03406E13	0.01143
5.10648E13	0.01067
5.17889E13	0.01162
5.2513E13	0.01218
5.32371E13	0.01078
5.39612E13	0.01275
5.46854E13	0.01416
5.54095E13	0.01482
5.61336E13	0.01704
5.68577E13	0.02011
5.75818E13	0.01916
5.83059E13	0.02092
5.90301E13	0.02758
5.97542E13	0.02973
6.04783E13	0.03045
6.12024E13	0.02923
6.19265E13	0.03425
6.26506E13	0.03787
6.33748E13	0.04218
6.40989E13	0.0444
6.4823E13	0.0489
6.55471E13	0.04937
6.62712E13	0.05111
6.69953E13	0.05044
6.77195E13	0.04982
6.84436E13	0.05575
6.91677E13	0.05563
6.98918E13	0.0573
7.06159E13	0.05753
7.134E13	0.05705
7.20642E13	0.05578
7.27883E13	0.05649
7.35124E13	0.05137
7.42365E13	0.04991
7.49606E13	0.04678
7.56848E13	0.04732
7.64089E13	0.04699
7.7133E13	0.04068
7.78571E13	0.03971
7.85812E13	0.03617
7.93053E13	0.03609
8.00295E13	0.03217
8.07536E13	0.02816
8.14777E13	0.02735
8.22018E13	0.02468
8.29259E13	0.02159
8.365E13	0.02226
8.43742E13	0.01822
8.50983E13	0.01959
8.58224E13	0.01888
8.65465E13	0.0151
8.72706E13	0.01584
8.79947E13	0.01327
8.87189E13	0.01405
8.9443E13	0.0139
9.01671E13	0.01262
9.08912E13	0.01191
9.16153E13	0.01048
9.23395E13	0.008
9.30636E13	0.01059
9.37877E13	0.00782
9.45118E13	0.00839
9.52359E13	0.00748
9.596E13	0.00727
9.66842E13	0.0078
9.74083E13	0.00709
9.81324E13	0.00668
9.88565E13	0.00761
9.95806E13	0.00894
1.00305E14	0.00796
1.01029E14	0.00771
1.01753E14	0.00714
1.02477E14	0.00781
1.03201E14	0.0065
1.03925E14	0.00581
1.04649E14	0.00639
1.05374E14	0.00875
1.06098E14	0.00652
1.06822E14	0.00613
1.07546E14	0.00676
1.0827E14	0.00761
1.08994E14	0.00808
1.09718E14	0.00721
1.10442E14	0.00538
1.11166E14	0.00621
1.11891E14	0.00899
1.12615E14	0.00912
1.13339E14	0.00805
1.14063E14	0.00852
1.14787E14	0.0081
1.15511E14	0.00876
1.16235E14	0.0087
1.16959E14	0.00814
1.17684E14	0.00853
1.18408E14	0.01014
1.19132E14	0.01109
1.19856E14	0.00999
1.2058E14	0.01179
1.21304E14	0.01279
1.22028E14	0.01192
1.22752E14	0.0137
1.23476E14	0.01508
1.24201E14	0.01516
1.24925E14	0.01696
1.25649E14	0.01755
1.26373E14	0.01756
1.27097E14	0.01848
1.27821E14	0.01979
1.28545E14	0.02214
1.29269E14	0.02249
1.29994E14	0.02538
1.30718E14	0.02478
1.31442E14	0.02409
1.32166E14	0.02516
1.3289E14	0.02418
1.33614E14	0.0221
1.34338E14	0.02221
1.35062E14	0.02264
1.35786E14	0.02166
1.36511E14	0.02182
1.37235E14	0.02257
1.37959E14	0.01917
1.38683E14	0.01925
1.39407E14	0.01838
1.40131E14	0.01588
1.40855E14	0.01504
1.41579E14	0.01478
1.42304E14	0.01467
1.43028E14	0.01392
1.43752E14	0.01252
1.44476E14	0.01169
1.452E14	0.01097
1.45924E14	0.00963
1.46648E14	0.0097
1.47372E14	0.00875
1.48096E14	0.00799
1.48821E14	0.00672
1.49545E14	0.00607
1.50269E14	0.00578
1.50993E14	0.00612
1.51717E14	0.00749
1.52441E14	0.00608
1.53165E14	0.00693
1.53889E14	0.005
1.54614E14	0.0044
1.55338E14	0.00596
1.56062E14	0.0066
1.56786E14	0.0054
1.5751E14	0.00629
1.58234E14	0.00588
1.58958E14	0.00588
1.59682E14	0.0049
1.60406E14	0.00591
1.61131E14	0.00453
1.61855E14	0.00393
1.62579E14	0.00482
1.63303E14	0.0042
1.64027E14	0.00401
1.64751E14	0.00418
1.65475E14	0.00438
1.66199E14	0.00563
1.66924E14	0.00632
1.67648E14	0.00554
1.68372E14	0.00536
1.69096E14	0.00476
1.6982E14	0.00561
1.70544E14	0.00664
1.71268E14	0.00763
1.71992E14	0.00558
1.72716E14	0.0065
1.73441E14	0.0077
1.74165E14	0.00739
1.74889E14	0.00642
1.75613E14	0.00626
1.76337E14	0.00755
1.77061E14	0.00817
1.77785E14	0.00826
1.78509E14	0.00859
1.79234E14	0.00984
1.79958E14	0.01095
1.80682E14	0.01087
1.81406E14	0.01124
1.8213E14	0.00997
1.82854E14	0.01143
1.83578E14	0.01066
1.84302E14	0.01091
1.85026E14	0.01205
1.85751E14	0.01316
1.86475E14	0.01398
1.87199E14	0.0112
1.87923E14	0.0118
1.88647E14	0.01107
1.89371E14	0.01126
1.90095E14	0.01227
1.90819E14	0.0123
1.91544E14	0.01071
1.92268E14	0.01099
1.92992E14	0.0091
1.93716E14	0.00746
1.9444E14	0.00866
1.95164E14	0.00754
1.95888E14	0.00759
1.96612E14	0.00658
1.97336E14	0.00709
1.98061E14	0.00737
1.98785E14	0.00535
1.99509E14	0.00461
2.00233E14	0.00435
2.00957E14	0.00383
2.01681E14	0.00376
2.02405E14	0.00517
2.03129E14	0.00616
2.03854E14	0.00448
2.04578E14	0.00394
2.05302E14	0.00438
2.06026E14	0.00445
2.0675E14	0.0043
2.07474E14	0.00479
2.08198E14	0.00513
2.08922E14	0.00351
2.09646E14	0.00404
2.10371E14	0.00327
2.11095E14	0.00447
2.11819E14	0.00379
2.12543E14	0.00434
2.13267E14	0.0038
2.13991E14	0.00359
2.14715E14	0.00369
2.15439E14	0.00526
2.16164E14	0.0037
2.16888E14	0.00442
2.17612E14	0.00404
2.18336E14	0.00523
2.1906E14	0.00424
2.19784E14	0.00441
2.20508E14	0.00514
2.21232E14	0.00471
2.21956E14	0.0051
2.22681E14	0.00572
2.23405E14	0.00587
2.24129E14	0.00597
2.24853E14	0.00493
2.25577E14	0.00604
2.26301E14	0.00585
2.27025E14	0.00611
2.27749E14	0.00665
2.28473E14	0.00758
2.29198E14	0.00686
2.29922E14	0.00745
2.30646E14	0.00724
2.3137E14	0.00759
2.32094E14	0.00814
2.32818E14	0.00815
2.33542E14	0.0067
2.34266E14	0.00602
2.34991E14	0.00559
2.35715E14	0.00669
2.36439E14	0.00623
2.37163E14	0.00799
2.37887E14	0.00598
2.38611E14	0.00567
2.39335E14	0.00691
2.40059E14	0.00552
2.40783E14	0.00515
2.41508E14	0.00519
2.42232E14	0.0046
2.42956E14	0.00411
2.4368E14	0.00397
2.44404E14	0.00493
2.45128E14	0.0053
2.45852E14	0.00427
2.46576E14	0.00348
2.47301E14	0.00396
2.48025E14	0.00267
2.48749E14	0.00287
2.49473E14	0.00356
2.50197E14	0.00428
2.50921E14	0.00411
2.51645E14	0.00362
2.52369E14	0.00404
2.53093E14	0.00299
2.53818E14	0.00341
2.54542E14	0.00356
2.55266E14	0.00402
2.5599E14	0.00289
2.56714E14	0.00301
2.57438E14	0.00317
2.58162E14	0.00335
2.58886E14	0.00434
2.59611E14	0.00453
2.60335E14	0.0037
2.61059E14	0.00299
2.61783E14	0.00329
2.62507E14	0.00407
2.63231E14	0.00453
2.63955E14	0.00407
2.64679E14	0.00454
2.65403E14	0.00442
2.66128E14	0.00364
2.66852E14	0.00437
2.67576E14	0.00476
2.683E14	0.00447
2.69024E14	0.00567
2.69748E14	0.00491
2.70472E14	0.00399
2.71196E14	0.00495
2.71921E14	0.00443
2.72645E14	0.00456
2.73369E14	0.00553
2.74093E14	0.00503
2.74817E14	0.00448
2.75541E14	0.00573
2.76265E14	0.00455
2.76989E14	0.00495
2.77713E14	0.00411
2.78438E14	0.00322
2.79162E14	0.0039
2.79886E14	0.0038
2.8061E14	0.00342
2.81334E14	0.00391
2.82058E14	0.00357
2.82782E14	0.00401
2.83506E14	0.00377
2.84231E14	0.00327
2.84955E14	0.00333
2.85679E14	0.00395
2.86403E14	0.00308
2.87127E14	0.00242
2.87851E14	0.00278
2.88575E14	0.00335
2.89299E14	0.00346
2.90023E14	0.00323
2.90748E14	0.00386
2.91472E14	0.00419
2.92196E14	0.00304
2.9292E14	0.00408
2.93644E14	0.00382
2.94368E14	0.00338
2.95092E14	0.00258
2.95816E14	0.00387
2.96541E14	0.00428
2.97265E14	0.0036
2.97989E14	0.00383
2.98713E14	0.00334
2.99437E14	0.00308
3.00161E14	0.00365
3.00885E14	0.00317
3.01609E14	0.00346
3.02333E14	0.00387
3.03058E14	0.00281
3.03782E14	0.0045
3.04506E14	0.0033
3.0523E14	0.00406
3.05954E14	0.00395
3.06678E14	0.00284
3.07402E14	0.00342
3.08126E14	0.0041
3.08851E14	0.00422
3.09575E14	0.00332
3.10299E14	0.00303
3.11023E14	0.00272
3.11747E14	0.00248
3.12471E14	0.00257
3.13195E14	0.00291
3.13919E14	0.0029
3.14643E14	0.0029
3.15368E14	0.00324
3.16092E14	0.00309
3.16816E14	0.00361
3.1754E14	0.00313
3.18264E14	0.00362
3.18988E14	0.00334
3.19712E14	0.00413
3.20436E14	0.00371
3.21161E14	0.00316
3.21885E14	0.00308
3.22609E14	0.00336
3.23333E14	0.00269
3.24057E14	0.00194
3.24781E14	0.00258
3.25505E14	0.00257
3.26229E14	0.00249
3.26953E14	0.0032
3.27678E14	0.00249
3.28402E14	0.00224
3.29126E14	0.00265
3.2985E14	0.00256
3.30574E14	0.00307
3.31298E14	0.00262
3.32022E14	0.003
3.32746E14	0.00383
3.33471E14	0.00343
3.34195E14	0.00355
3.34919E14	0.00309
3.35643E14	0.00392
3.36367E14	0.00252
3.37091E14	0.00208
3.37815E14	0.0022
3.38539E14	0.00274
3.39263E14	0.00316
3.39988E14	0.00336
3.40712E14	0.00256
3.41436E14	0.00287
3.4216E14	0.00242
3.42884E14	0.00288
3.43608E14	0.00249
3.44332E14	0.00335
3.45056E14	0.00248
3.4578E14	0.00319
3.46505E14	0.00307
3.47229E14	0.00275
3.47953E14	0.00358
3.48677E14	0.00288
3.49401E14	0.00337
3.50125E14	0.0028
3.50849E14	0.0031
3.51573E14	0.00243
3.52298E14	0.00383
3.53022E14	0.00316
3.53746E14	0.00259
3.5447E14	0.00311
3.55194E14	0.00323
3.55918E14	0.00307
3.56642E14	0.00332
3.57366E14	0.00311
3.5809E14	0.00258
3.58815E14	0.00339
3.59539E14	0.00313
3.60263E14	0.00308
3.60987E14	0.00235
3.61711E14	0.00255
3.62435E14	0.00244
3.63159E14	0.00282
3.63883E14	0.00292
3.64608E14	0.0024
3.65332E14	0.00223
3.66056E14	0.00333
3.6678E14	0.00318
3.67504E14	0.00324
3.68228E14	0.00228
3.68952E14	0.00267
3.69676E14	0.00268
3.704E14	0.00383
3.71125E14	0.00334
3.71849E14	0.00316
3.72573E14	0.00262
3.73297E14	0.00345
3.74021E14	0.00351
3.74745E14	0.00342
3.75469E14	0.00386
3.76193E14	0.00289
3.76918E14	0.00295
3.77642E14	0.00258
3.78366E14	0.00313
3.7909E14	0.00417
3.79814E14	0.00368
3.80538E14	0.00302
3.81262E14	0.0035
3.81986E14	0.00305
3.8271E14	0.00293
3.83435E14	0.00281
3.84159E14	0.00296
3.84883E14	0.00284
3.85607E14	0.0028
3.86331E14	0.00291
3.87055E14	0.0028
3.87779E14	0.00333
3.88503E14	0.00326
3.89228E14	0.00317
3.89952E14	0.00222
3.90676E14	0.00338
3.914E14	0.00312
3.92124E14	0.00349
3.92848E14	0.00301
3.93572E14	0.00274
3.94296E14	0.00369
3.9502E14	0.00347
3.95745E14	0.00358
3.96469E14	0.00322
3.97193E14	0.0037
3.97917E14	0.00351
3.98641E14	0.00333
3.99365E14	0.00234
4.00089E14	0.00388
4.00813E14	0.00311
4.01538E14	0.00254
4.02262E14	0.0038
4.02986E14	0.00384
4.0371E14	0.00342
4.04434E14	0.00412
4.05158E14	0.00415
4.05882E14	0.00277
4.06606E14	0.00279
4.0733E14	0.00469
4.08055E14	0.00345
4.08779E14	0.00356
4.09503E14	0.00387
4.10227E14	0.00286
4.10951E14	0.00285
4.11675E14	0.00224
4.12399E14	0.00378
4.13123E14	0.00407
4.13848E14	0.00373
4.14572E14	0.00323
4.15296E14	0.00359
4.1602E14	0.00321
4.16744E14	0.00334
4.17468E14	0.00265
4.18192E14	0.00348
4.18916E14	0.00359
4.1964E14	0.003
4.20365E14	0.00451
4.21089E14	0.00378
4.21813E14	0.0038
4.22537E14	0.00359
4.23261E14	0.00292
4.23985E14	0.00285
4.24709E14	0.00331
4.25433E14	0.00404
4.26158E14	0.00372
4.26882E14	0.00323
4.27606E14	0.00376
4.2833E14	0.00387
4.29054E14	0.00345
4.29778E14	0.00275
4.30502E14	0.00236
4.31226E14	0.00252
4.3195E14	0.00377
4.32675E14	0.00359
4.33399E14	0.00416
4.34123E14	0.00369
4.34847E14	0.00367
4.35571E14	0.00326
4.36295E14	0.00435
4.37019E14	0.00354
4.37743E14	0.00377
4.38468E14	0.0043
4.39192E14	0.00353
4.39916E14	0.00355
4.4064E14	0.00328
4.41364E14	0.00451
4.42088E14	0.00418
4.42812E14	0.00364
4.43536E14	0.00415
4.4426E14	0.00479
4.44985E14	0.00418
4.45709E14	0.00449
4.46433E14	0.00406
4.47157E14	0.00475
4.47881E14	0.00348
4.48605E14	0.00331
4.49329E14	0.0031
4.50053E14	0.00343
4.50778E14	0.00398
4.51502E14	0.0027
4.52226E14	0.00283
4.5295E14	0.00306
4.53674E14	0.00346
4.54398E14	0.003
4.55122E14	0.00341
4.55846E14	0.00411
4.5657E14	0.00365
4.57295E14	0.00312
4.58019E14	0.00346
4.58743E14	0.00299
4.59467E14	0.00386
4.60191E14	0.00344
4.60915E14	0.00261
4.61639E14	0.00242
4.62363E14	0.0021
4.63087E14	0.00294
4.63812E14	0.0027
4.64536E14	0.00307
4.6526E14	0.00245
4.65984E14	0.00259
4.66708E14	0.00266
4.67432E14	0.0033
4.68156E14	0.00366
4.6888E14	0.00279
4.69605E14	0.00308
4.70329E14	0.00281
4.71053E14	0.00193
4.71777E14	0.00215
4.72501E14	0.00135
4.73225E14	0.0018
4.73949E14	0.00172
4.74673E14	0.00223
4.75397E14	0.00297
4.76122E14	0.00211
4.76846E14	0.00269
4.7757E14	0.00239
4.78294E14	0.00187
4.79018E14	0.00293
4.79742E14	0.00304
4.80466E14	0.00201
4.8119E14	0.003
4.81915E14	0.00237
4.82639E14	0.00302
4.83363E14	0.00385
4.84087E14	0.0031
4.84811E14	0.00298
4.85535E14	0.00317
4.86259E14	0.00285
4.86983E14	0.00374
4.87707E14	0.00164
4.88432E14	0.00182
4.89156E14	0.002
4.8988E14	0.00226
4.90604E14	0.00251
4.91328E14	0.00175
4.92052E14	0.00257
4.92776E14	0.0024
4.935E14	0.00266
4.94225E14	0.00302
4.94949E14	0.00238
4.95673E14	0.00194
4.96397E14	0.00195
4.97121E14	0.00261
4.97845E14	0.0029
4.98569E14	0.00221
4.99293E14	0.0025
5.00017E14	0.00142
5.00742E14	0.00188
5.01466E14	0.00223
5.0219E14	0.00273
5.02914E14	0.00296
5.03638E14	0.0025
5.04362E14	0.00162
5.05086E14	0.00191
5.0581E14	0.00138
5.06535E14	0.00217
5.07259E14	0.00199
5.07983E14	0.00187
5.08707E14	0.00196
5.09431E14	0.00171
5.10155E14	0.00186
5.10879E14	0.00158
5.11603E14	0.00197
5.12327E14	0.00178
5.13052E14	0.00187
5.13776E14	0.00162
5.145E14	0.00228
5.15224E14	0.00235
5.15948E14	0.00245
5.16672E14	0.00244
5.17396E14	0.00205
5.1812E14	0.0024
5.18845E14	0.00218
5.19569E14	0.00198
5.20293E14	0.00242
5.21017E14	0.00235
5.21741E14	0.00222
5.22465E14	0.0019
5.23189E14	0.00239
5.23913E14	0.00138
5.24637E14	0.00165
5.25362E14	0.00172
5.26086E14	0.0019
5.2681E14	0.00152
5.27534E14	0.00179
5.28258E14	0.00177
5.28982E14	0.0022
5.29706E14	0.00216
5.3043E14	0.00174
5.31155E14	0.00239
5.31879E14	0.00204
5.32603E14	0.00159
5.33327E14	0.00174
5.34051E14	0.00195
5.34775E14	0.00132
5.35499E14	0.00133
5.36223E14	0.00138
5.36947E14	0.00167
5.37672E14	0.00178
5.38396E14	0.00186
5.3912E14	0.00144
5.39844E14	0.00157
5.40568E14	0.00147
5.41292E14	0.00218
5.42016E14	0.00152
5.4274E14	0.00193
5.43465E14	0.00185
5.44189E14	0.00213
5.44913E14	0.002
5.45637E14	0.00233
5.46361E14	0.00257
5.47085E14	0.00199
5.47809E14	0.00192
5.48533E14	0.00144
5.49257E14	0.00191
5.49982E14	0.00178
5.50706E14	0.0021
5.5143E14	0.00198
5.52154E14	0.00236
5.52878E14	0.0028
5.53602E14	0.00201
5.54326E14	0.00201
5.5505E14	0.00243
5.55775E14	0.00165
5.56499E14	0.00129
5.57223E14	0.00148
5.57947E14	0.00119
5.58671E14	0.00131
5.59395E14	0.00156
5.60119E14	0.00193
5.60843E14	0.00172
5.61567E14	0.0017
5.62292E14	0.00197
5.63016E14	0.00191
5.6374E14	0.00131
5.64464E14	0.00188
5.65188E14	0.00121
5.65912E14	0.00247
5.66636E14	0.00166
5.6736E14	0.00113
5.68085E14	0.0023
5.68809E14	0.00197
5.69533E14	0.00184
5.70257E14	0.00197
5.70981E14	0.00192
5.71705E14	0.00272
5.72429E14	0.00275
5.73153E14	0.00196
5.73877E14	0.00224
5.74602E14	0.00183
5.75326E14	0.00261
5.7605E14	0.00239
5.76774E14	0.00144
5.77498E14	0.00164
5.78222E14	0.00198
5.78946E14	0.0022
5.7967E14	0.00168
5.80394E14	0.00163
5.81119E14	0.00161
5.81843E14	0.00202
5.82567E14	0.00173
5.83291E14	0.00149
5.84015E14	0.00138
5.84739E14	0.00145
5.85463E14	0.00193
5.86187E14	0.00219
5.86912E14	0.00168
5.87636E14	0.00166
5.8836E14	0.00169
5.89084E14	0.00126
5.89808E14	0.00176
5.90532E14	0.00219
5.91256E14	0.00182
5.9198E14	0.00134
5.92704E14	0.00138
5.93429E14	0.00156
5.94153E14	0.00137
5.94877E14	0.00147
5.95601E14	9.77796E-4
5.96325E14	0.0014
5.97049E14	0.00123
5.97773E14	0.00155
5.98497E14	0.00164
5.99222E14	0.00143
5.99946E14	0.00253
6.0067E14	0.0019
6.01394E14	0.00165
6.02118E14	0.00153
6.02842E14	0.00125
6.03566E14	0.00144
6.0429E14	9.58651E-4
6.05014E14	0.00138
6.05739E14	0.00138
6.06463E14	0.00136
6.07187E14	0.00145
6.07911E14	0.00163
6.08635E14	0.00187
6.09359E14	0.00162
6.10083E14	0.0014
6.10807E14	0.00135
6.11532E14	0.00154
6.12256E14	0.00144
6.1298E14	0.00107
6.13704E14	0.00209
6.14428E14	0.00203
6.15152E14	0.00244
6.15876E14	0.00166
6.166E14	0.00115
6.17324E14	0.00137
6.18049E14	0.00176
6.18773E14	0.00182
6.19497E14	0.00172
6.20221E14	0.00189
6.20945E14	0.00142
6.21669E14	0.00108
6.22393E14	0.0018
6.23117E14	0.00213
6.23842E14	0.00146
6.24566E14	0.0014
6.2529E14	0.00138
6.26014E14	0.00157
6.26738E14	0.00175
6.27462E14	0.00122
6.28186E14	0.00145
6.2891E14	0.00128
6.29634E14	0.00159
6.30359E14	0.00164
6.31083E14	0.00135
6.31807E14	9.33328E-4
6.32531E14	0.00155
6.33255E14	0.00129
6.33979E14	0.00144
6.34703E14	0.00142
6.35427E14	0.00209
6.36152E14	9.90872E-4
6.36876E14	0.0011
6.376E14	8.44235E-4
6.38324E14	0.00112
6.39048E14	0.00185
6.39772E14	0.00128
6.40496E14	0.00185
6.4122E14	0.00183
6.41944E14	0.00108
6.42669E14	0.00132
6.43393E14	0.00114
6.44117E14	0.00125
6.44841E14	0.00142
6.45565E14	0.00179
6.46289E14	9.79243E-4
6.47013E14	0.00141
6.47737E14	0.00221
6.48462E14	0.0023
6.49186E14	0.00113
6.4991E14	0.00145
6.50634E14	0.00125
6.51358E14	0.00144
6.52082E14	0.00122
6.52806E14	0.00157
6.5353E14	0.00105
6.54254E14	0.00116
6.54979E14	9.20605E-4
6.55703E14	7.34782E-4
6.56427E14	0.00163
6.57151E14	0.00112
6.57875E14	9.54824E-4
6.58599E14	0.00194
6.59323E14	0.00149
6.60047E14	0.00166
6.60772E14	0.0024
6.61496E14	0.00192
6.6222E14	0.00105
6.62944E14	0.00169
6.63668E14	0.00148
6.64392E14	0.0013
6.65116E14	0.00172
6.6584E14	0.00181
6.66564E14	0.0018
6.67289E14	0.00198
6.68013E14	0.0016
6.68737E14	0.00107
6.69461E14	0.00201
6.70185E14	0.00214
6.70909E14	0.00208
6.71633E14	0.00242
6.72357E14	0.0022
6.73082E14	0.0014
6.73806E14	0.00168
6.7453E14	0.00172
6.75254E14	0.00144
6.75978E14	0.00157
6.76702E14	0.00175
6.77426E14	0.00185
6.7815E14	0.0022
6.78874E14	0.0019
6.79599E14	0.00147
6.80323E14	0.00185
6.81047E14	0.00108
6.81771E14	0.00136
6.82495E14	0.00182
6.83219E14	0.00145
6.83943E14	0.00128
6.84667E14	0.0018
6.85392E14	0.00102
6.86116E14	0.0013
6.8684E14	0.00206
6.87564E14	0.00194
6.88288E14	9.23392E-4
6.89012E14	0.00161
6.89736E14	0.00196
6.9046E14	0.00164
6.91184E14	0.00222
6.91909E14	0.00257
6.92633E14	0.00166
6.93357E14	0.00187
6.94081E14	0.00196
6.94805E14	0.00143
6.95529E14	0.00118
6.96253E14	4.70229E-4
6.96977E14	0.00133
6.97701E14	0.00131
6.98426E14	0.00168
6.9915E14	0.00196
6.99874E14	0.00183
7.00598E14	0.00138
7.01322E14	0.00217
7.02046E14	0.00118
7.0277E14	9.35669E-4
7.03494E14	0.00104
7.04219E14	0.00122
7.04943E14	0.00156
7.05667E14	0.0011
7.06391E14	0.00107
7.07115E14	0.00148
7.07839E14	0.00187
7.08563E14	0.00179
7.09287E14	0.00232
7.10011E14	0.00113
7.10736E14	0.00172
7.1146E14	0.00186
7.12184E14	0.00157
7.12908E14	0.00185
7.13632E14	0.00153
7.14356E14	0.00123
7.1508E14	0.00183
7.15804E14	0.00185
7.16529E14	0.00194
7.17253E14	0.00143
7.17977E14	9.56499E-4
7.18701E14	0.00127
7.19425E14	0.0013
7.20149E14	0.00182
7.20873E14	6.95374E-4
7.21597E14	8.26684E-4
7.22321E14	9.95333E-4
7.23046E14	0.00178
7.2377E14	0.00147
7.24494E14	0.00169
7.25218E14	0.00127
7.25942E14	0.00168
7.26666E14	0.00134
7.2739E14	0.00116
7.28114E14	3.60171E-4
7.28839E14	0.002
7.29563E14	0.00128
7.30287E14	0.00114
7.31011E14	9.93372E-4
7.31735E14	0.00105
7.32459E14	0.00138
7.33183E14	0.00157
7.33907E14	0.00166
7.34631E14	0.0022
7.35356E14	0.00136
7.3608E14	0.00164
7.36804E14	0.00166
7.37528E14	0.00154
7.38252E14	0.00203
7.38976E14	0.00161
7.397E14	0.00155
7.40424E14	0.00119
7.41149E14	0.00148
7.41873E14	0.00157
7.42597E14	0.00134
7.43321E14	0.00138
7.44045E14	0.00104
7.44769E14	0.0011
7.45493E14	0.00191
7.46217E14	0.00131
7.46941E14	0.00119
7.47666E14	0.00143
7.4839E14	0.00141
7.49114E14	0.00176
7.49838E14	0.00156
7.50562E14	0.00178
7.51286E14	0.00174
7.5201E14	0.00263
7.52734E14	0.00229
7.53459E14	0.00266
7.54183E14	0.00214
7.54907E14	0.00154
7.55631E14	0.0022
7.56355E14	0.00208
7.57079E14	0.00234
7.57803E14	0.00226
7.58527E14	0.00205
7.59251E14	0.00175
7.59976E14	0.00153
7.607E14	0.00137
7.61424E14	0.00162
7.62148E14	0.00137
7.62872E14	0.00132
7.63596E14	0.00138
7.6432E14	0.00109
7.65044E14	0.00196
7.65769E14	0.00136
7.66493E14	0.00125
7.67217E14	9.36646E-4
7.67941E14	0.00134
7.68665E14	0.00156
7.69389E14	0.00269
7.70113E14	0.00155
7.70837E14	0.00107
7.71561E14	0.00181
7.72286E14	0.00127
7.7301E14	0.0016
7.73734E14	0.0016
7.74458E14	0.00148
7.75182E14	0.00135
7.75906E14	0.00176
7.7663E14	0.00219
7.77354E14	0.0015
7.78079E14	0.00165
7.78803E14	0.00183
7.79527E14	0.00166
7.80251E14	0.0016
7.80975E14	0.00215
7.81699E14	0.00192
7.82423E14	0.00111
7.83147E14	0.00121
7.83871E14	0.00196
7.84596E14	0.00167
7.8532E14	0.00152
7.86044E14	0.00138
7.86768E14	0.0017
7.87492E14	0.00152
7.88216E14	0.00157
7.8894E14	0.00234
7.89664E14	0.00215
7.90389E14	0.00146
7.91113E14	0.00187
7.91837E14	0.00245
7.92561E14	0.00117
7.93285E14	0.00155
7.94009E14	0.00146
7.94733E14	0.00102
7.95457E14	0.00151
7.96181E14	0.00174
7.96906E14	9.32759E-4
7.9763E14	0.00132
7.98354E14	0.00171
7.99078E14	0.00146
7.99802E14	0.00153
8.00526E14	0.00144
8.0125E14	9.54577E-4
8.01974E14	0.00111
8.02699E14	0.00152
8.03423E14	0.00158
8.04147E14	0.00125
8.04871E14	0.00128
8.05595E14	0.0023
8.06319E14	0.00183
8.07043E14	0.00116
8.07767E14	0.00126
8.08491E14	0.00171
8.09216E14	0.00152
8.0994E14	0.00119
8.10664E14	0.00187
8.11388E14	0.00128
8.12112E14	0.00171
8.12836E14	6.18918E-4
8.1356E14	0.00164
8.14284E14	0.0025
8.15008E14	0.00246
8.15733E14	0.0019
8.16457E14	0.00208
8.17181E14	0.00149
8.17905E14	0.00128
8.18629E14	8.93904E-4
8.19353E14	0.00197
8.20077E14	0.00127
8.20801E14	0.00155
8.21526E14	0.00165
8.2225E14	0.00176
8.22974E14	0.00159
8.23698E14	0.00122
8.24422E14	0.00178
8.25146E14	0.00189
8.2587E14	0.00145
8.26594E14	0.00206
8.27318E14	0.00139
8.28043E14	0.00198
8.28767E14	0.00125
8.29491E14	0.00136
8.30215E14	0.00128
8.30939E14	0.00162
8.31663E14	0.00127
8.32387E14	0.00137
8.33111E14	0.00149
8.33836E14	0.00136
8.3456E14	0.00244
8.35284E14	8.01379E-4
8.36008E14	0.00184
8.36732E14	0.00203
8.37456E14	0.00157
8.3818E14	0.00131
8.38904E14	0.00147
8.39628E14	0.00107
8.40353E14	8.2852E-4
8.41077E14	0.00143
8.41801E14	0.00134
8.42525E14	7.79671E-4
8.43249E14	0.00102
8.43973E14	0.00119
8.44697E14	0.00164
8.45421E14	0.0019
8.46146E14	0.00115
8.4687E14	0.00144
8.47594E14	0.00113
8.48318E14	0.00146
8.49042E14	0.00228
8.49766E14	0.00135
8.5049E14	0.00166
8.51214E14	0.00118
8.51938E14	0.00166
8.52663E14	9.31354E-4
8.53387E14	0.00176
8.54111E14	0.00109
8.54835E14	0.00195
8.55559E14	0.00108
8.56283E14	0.00134
8.57007E14	0.00201
8.57731E14	0.0023
8.58456E14	0.00128
8.5918E14	0.0015
8.59904E14	0.00194
8.60628E14	0.00186
8.61352E14	0.00213
8.62076E14	0.00233
8.628E14	0.0022
8.63524E14	0.00169
8.64248E14	0.0022
8.64973E14	0.00195
8.65697E14	0.00176
8.66421E14	0.00133
8.67145E14	0.00135
8.67869E14	0.00312
8.68593E14	0.00137
8.69317E14	0.00162
8.70041E14	0.00179
8.70766E14	0.00118
8.7149E14	0.00161
8.72214E14	0.00196
8.72938E14	0.0019
8.73662E14	0.00147
8.74386E14	0.00153
8.7511E14	0.00149
8.75834E14	0.00167
8.76558E14	7.74877E-4
8.77283E14	0.0013
8.78007E14	0.00174
8.78731E14	0.00184
8.79455E14	0.0015
8.80179E14	0.002
8.80903E14	6.83379E-4
8.81627E14	0.00112
8.82351E14	0.00115
8.83076E14	0.00174
8.838E14	0.00234
8.84524E14	0.00167
8.85248E14	0.00131
8.85972E14	0.0025
8.86696E14	0.0023
8.8742E14	9.09564E-4
8.88144E14	0.00137
8.88868E14	0.0019
8.89593E14	0.00204
8.90317E14	0.00175
8.91041E14	0.0018
8.91765E14	0.00217
8.92489E14	0.0018
8.93213E14	0.00172
8.93937E14	0.00163
8.94661E14	0.00187
8.95386E14	0.00135
8.9611E14	0.00171
8.96834E14	0.00224
8.97558E14	0.00162
8.98282E14	0.00185
8.99006E14	0.00191
8.9973E14	0.0016
9.00454E14	0.00212
9.01178E14	0.00178
9.01903E14	0.00211
9.02627E14	0.00248
9.03351E14	0.00129
9.04075E14	0.00129
9.04799E14	0.00166
9.05523E14	0.00129
9.06247E14	0.00167
9.06971E14	0.00172
9.07696E14	0.00177
9.0842E14	0.00198
9.09144E14	0.00225
9.09868E14	9.53251E-4
9.10592E14	0.00122
9.11316E14	0.00175
9.1204E14	0.00143
9.12764E14	0.00197
9.13488E14	0.00128
9.14213E14	9.64741E-4
9.14937E14	9.26859E-4
9.15661E14	0.00167
9.16385E14	0.0013
9.17109E14	0.00177
9.17833E14	0.0013
9.18557E14	0.00197
9.19281E14	0.00111
9.20006E14	0.00192
9.2073E14	0.00212
9.21454E14	0.00117
9.22178E14	0.00262
9.22902E14	0.00232
9.23626E14	0.00186
9.2435E14	0.00231
9.25074E14	0.0024
9.25798E14	0.0022
9.26523E14	0.00175
9.27247E14	0.00175
9.27971E14	0.00168
9.28695E14	0.00194
9.29419E14	0.00291
9.30143E14	0.00231
9.30867E14	0.00204
9.31591E14	0.00158
9.32315E14	0.00177
9.3304E14	0.00166
9.33764E14	0.00103
9.34488E14	0.00141
9.35212E14	0.00134
9.35936E14	0.00157
9.3666E14	0.00193
9.37384E14	0.00155
9.38108E14	0.00252
9.38833E14	0.00229
9.39557E14	0.0018
9.40281E14	0.00197
9.41005E14	0.0018
9.41729E14	0.00182
9.42453E14	0.00239
9.43177E14	0.00164
9.43901E14	0.00234
9.44625E14	0.00198
9.4535E14	0.0019
9.46074E14	0.00175
9.46798E14	0.00131
9.47522E14	0.00159
9.48246E14	0.00187
9.4897E14	0.00231
9.49694E14	0.00118
9.50418E14	0.00156
9.51143E14	0.00401
9.51867E14	0.00188
9.52591E14	0.00141
9.53315E14	0.00166
9.54039E14	0.00203
9.54763E14	0.00236
9.55487E14	0.00237
9.56211E14	0.00189
9.56935E14	0.00159
9.5766E14	0.00193
9.58384E14	0.00214
9.59108E14	0.00268
9.59832E14	0.00134
9.60556E14	0.00121
9.6128E14	0.00141
9.62004E14	0.00169
9.62728E14	0.002
9.63453E14	0.00143
9.64177E14	0.00133
9.64901E14	0.00168
9.65625E14	0.00168
9.66349E14	0.00185
9.67073E14	0.00174
9.67797E14	8.5078E-4
9.68521E14	0.00213
9.69245E14	0.00179
9.6997E14	0.00159
9.70694E14	0.00187
9.71418E14	0.00151
9.72142E14	0.00239
9.72866E14	0.00198
9.7359E14	0.00186
9.74314E14	0.00176
9.75038E14	0.00155
9.75763E14	0.00228
9.76487E14	0.00204
9.77211E14	0.00198
9.77935E14	0.0017
9.78659E14	0.00176
9.79383E14	0.00221
9.80107E14	0.00122
9.80831E14	0.00198
9.81555E14	0.00212
9.8228E14	0.0014
9.83004E14	0.0018
9.83728E14	0.00178
9.84452E14	0.00104
9.85176E14	0.00157
9.859E14	0.00106
9.86624E14	0.00136
9.87348E14	0.00245
9.88073E14	0.0018
9.88797E14	0.00206
9.89521E14	0.00133
9.90245E14	0.00157
9.90969E14	0.00142
9.91693E14	0.00171
9.92417E14	0.00204
9.93141E14	0.00287
9.93865E14	0.0019
9.9459E14	0.00247
9.95314E14	0.00252
9.96038E14	0.00265
9.96762E14	0.00276
9.97486E14	0.00328
9.9821E14	0.0014
9.98934E14	0.00223
9.99658E14	0.00195
1.00038E15	0.00191
1.00111E15	0.00244
1.00183E15	0.00216
1.00255E15	0.00144
1.00328E15	0.0016
1.004E15	0.00144
1.00473E15	0.00246
1.00545E15	0.00214
1.00618E15	0.00181
1.0069E15	0.00189
1.00762E15	0.00123
1.00835E15	0.00201
1.00907E15	0.00183
1.0098E15	0.00204
1.01052E15	0.00173
1.01124E15	0.00219
1.01197E15	0.00191
1.01269E15	0.00159
1.01342E15	0.00125
1.01414E15	0.00249
1.01486E15	0.0013
1.01559E15	7.44001E-4
1.01631E15	0.00139
1.01704E15	0.00225
1.01776E15	0.00157
1.01849E15	0.00284
1.01921E15	0.0017
1.01993E15	0.00133
1.02066E15	8.1467E-4
1.02138E15	0.00161
1.02211E15	0.00117
1.02283E15	0.00153
1.02355E15	0.00187
1.02428E15	0.00154
1.025E15	0.00172
1.02573E15	0.00169
1.02645E15	5.21517E-4
1.02717E15	0.00118
1.0279E15	0.00132
1.02862E15	0.00173
1.02935E15	0.00184
1.03007E15	0.00241
1.0308E15	0.00228
1.03152E15	0.00257
1.03224E15	0.00265
1.03297E15	0.00217
1.03369E15	0.00184
1.03442E15	0.00195
1.03514E15	0.00172
1.03586E15	0.00161
1.03659E15	0.00218
1.03731E15	0.00204
1.03804E15	0.00193
1.03876E15	0.00163
1.03948E15	0.00222
1.04021E15	0.00116
1.04093E15	0.00177
1.04166E15	0.00179
1.04238E15	0.00152
1.04311E15	0.00155
1.04383E15	0.00261
1.04455E15	0.00207
1.04528E15	0.00213
1.046E15	0.00176
1.04673E15	0.00202
1.04745E15	0.00204
1.04817E15	6.02138E-4
1.0489E15	0.00142
1.04962E15	8.02541E-4
1.05035E15	0.00178
1.05107E15	0.00108
1.05179E15	0.00152
1.05252E15	0.0016
1.05324E15	0.00349
1.05397E15	0.00179
1.05469E15	0.00122
1.05542E15	0.00188
1.05614E15	0.00192
1.05686E15	9.63492E-4
1.05759E15	0.00178
1.05831E15	0.00253
1.05904E15	0.00264
1.05976E15	0.00205
1.06048E15	0.00196
1.06121E15	0.00192
1.06193E15	0.00136
1.06266E15	0.00165
1.06338E15	0.00141
1.0641E15	0.0018
1.06483E15	0.00183
1.06555E15	0.0021
1.06628E15	0.00183
1.067E15	0.00182
1.06773E15	0.00257
1.06845E15	0.0015
1.06917E15	0.0021
1.0699E15	0.00208
1.07062E15	0.00185
1.07135E15	0.00184
1.07207E15	0.00204
1.07279E15	0.00188
1.07352E15	0.0011
1.07424E15	0.0014
1.07497E15	0.0021
1.07569E15	0.00235
1.07641E15	0.00242
1.07714E15	0.00274
1.07786E15	0.00226
1.07859E15	0.00243
1.07931E15	0.00252
1.08004E15	0.00275
1.08076E15	0.0021
1.08148E15	0.00201
1.08221E15	0.00223
1.08293E15	0.00198
1.08366E15	0.00197
1.08438E15	0.00256
1.0851E15	0.00139
1.08583E15	0.00139
1.08655E15	0.0015
1.08728E15	0.00166
1.088E15	0.00194
1.08872E15	0.00195
1.08945E15	0.00285
1.09017E15	0.00311
1.0909E15	0.00181
1.09162E15	0.00173
1.09235E15	0.00168
1.09307E15	0.00227
1.09379E15	0.0021
1.09452E15	0.00274
1.09524E15	0.00291
1.09597E15	0.00324
1.09669E15	0.00106
1.09741E15	0.00287
1.09814E15	0.00183
1.09886E15	0.0026
1.09959E15	0.00236
1.10031E15	0.00173
1.10103E15	0.00215
1.10176E15	0.00111
1.10248E15	0.00173
1.10321E15	0.00211
1.10393E15	0.00181
1.10466E15	0.00185
1.10538E15	0.00227
1.1061E15	0.00117
1.10683E15	0.00195
1.10755E15	0.00222
1.10828E15	0.00281
1.109E15	0.00164
1.10972E15	0.00131
1.11045E15	0.00154
1.11117E15	0.00366
1.1119E15	0.00232
1.11262E15	0.00179
1.11334E15	0.00179
1.11407E15	8.12115E-4
1.11479E15	0.002
1.11552E15	0.00231
1.11624E15	0.00172
1.11697E15	0.0015
1.11769E15	0.00114
1.11841E15	0.00121
1.11914E15	0.00161
1.11986E15	0.00159
1.12059E15	0.00185
1.12131E15	0.00121
1.12203E15	0.00178
1.12276E15	0.00126
1.12348E15	9.35789E-4
1.12421E15	0.00282
1.12493E15	0.00209
1.12565E15	0.00165
1.12638E15	0.00226
1.1271E15	0.00101
1.12783E15	0.00173
1.12855E15	0.00222
1.12928E15	0.00132
1.13E15	0.00269
1.13072E15	0.00195
1.13145E15	0.00131
1.13217E15	0.00201
1.1329E15	0.00165
1.13362E15	0.00202
1.13434E15	0.00118
1.13507E15	0.002
1.13579E15	0.00245
1.13652E15	0.00238
1.13724E15	0.00176
1.13796E15	0.00206
1.13869E15	0.00196
1.13941E15	0.00227
1.14014E15	0.00179
1.14086E15	0.00165
1.14159E15	0.00198
1.14231E15	0.00221
1.14303E15	0.00281
1.14376E15	0.0014
1.14448E15	0.00169
1.14521E15	0.00199
1.14593E15	0.00252
1.14665E15	0.00285
1.14738E15	0.00299
1.1481E15	0.00213
1.14883E15	0.00298
1.14955E15	0.00148
1.15027E15	0.00153
1.151E15	0.00147
1.15172E15	0.00219
1.15245E15	0.00233
1.15317E15	0.00266
1.1539E15	0.00219
1.15462E15	0.0025
1.15534E15	0.00262
1.15607E15	0.00202
1.15679E15	0.00118
1.15752E15	0.00124
1.15824E15	0.00183
1.15896E15	0.00217
1.15969E15	0.00305
1.16041E15	0.00155
1.16114E15	0.00324
1.16186E15	0.00112
1.16258E15	0.00134
1.16331E15	0.00235
1.16403E15	0.00157
1.16476E15	0.00207
1.16548E15	0.00245
1.16621E15	0.00223
1.16693E15	0.00178
1.16765E15	0.00321
1.16838E15	0.00174
1.1691E15	0.00178
1.16983E15	0.00292
1.17055E15	0.00279
1.17127E15	0.00213
1.172E15	0.00204
1.17272E15	0.00198
1.17345E15	0.00155
1.17417E15	0.00299
1.17489E15	0.00206
1.17562E15	0.00185
1.17634E15	0.00233
1.17707E15	0.00192
1.17779E15	0.00304
1.17852E15	0.00206
1.17924E15	0.00169
1.17996E15	0.00144
1.18069E15	0.00115
1.18141E15	0.00193
1.18214E15	0.00227
1.18286E15	0.00172
1.18358E15	0.00209
1.18431E15	0.00223
1.18503E15	0.00282
1.18576E15	0.00151
1.18648E15	8.96442E-4
1.1872E15	0.00243
1.18793E15	0.00258
1.18865E15	0.00114
1.18938E15	0.00204
1.1901E15	0.00147
1.19083E15	9.76915E-4
1.19155E15	0.00183
1.19227E15	0.00368
1.193E15	0.00307
1.19372E15	0.00205
1.19445E15	0.00192
1.19517E15	0.00208
1.19589E15	0.00231
1.19662E15	0.00298
1.19734E15	0.00224
1.19807E15	0.00247
1.19879E15	0.00206
1.19951E15	0.00218
1.20024E15	0.00128
1.20096E15	0.00119
1.20169E15	0.0017
1.20241E15	0.00166
1.20314E15	0.00106
1.20386E15	0.00193
1.20458E15	0.00197
1.20531E15	0.00194
1.20603E15	0.00172
1.20676E15	0.00202
1.20748E15	0.00183
1.2082E15	9.38438E-4
1.20893E15	0.00265
1.20965E15	0.00272
1.21038E15	0.00154
1.2111E15	0.00134
1.21182E15	0.00195
1.21255E15	0.00162
1.21327E15	0.00311
1.214E15	0.0019
1.21472E15	0.00187
1.21545E15	0.00178
1.21617E15	0.00188
1.21689E15	0.00213
1.21762E15	0.00221
1.21834E15	0.00251
1.21907E15	0.00206
1.21979E15	0.00197
1.22051E15	0.00174
1.22124E15	0.00152
1.22196E15	0.00266
1.22269E15	0.00248
1.22341E15	0.00283
1.22413E15	0.00253
1.22486E15	0.00221
1.22558E15	0.00159
1.22631E15	0.00201
1.22703E15	0.00327
1.22776E15	0.00316
1.22848E15	0.00219
1.2292E15	0.00267
1.22993E15	0.0025
1.23065E15	0.00199
1.23138E15	0.00185
1.2321E15	0.00111
1.23282E15	0.00216
1.23355E15	0.00107
1.23427E15	0.00221
1.235E15	0.00227
1.23572E15	0.00185
1.23644E15	0.00229
1.23717E15	0.00257
1.23789E15	0.00177
1.23862E15	0.00198
1.23934E15	0.00309
1.24007E15	0.00191
1.24079E15	0.00176
1.24151E15	0.00167
1.24224E15	0.0028
1.24296E15	0.00249
1.24369E15	0.00214
1.24441E15	0.00271
1.24513E15	0.00245
1.24586E15	0.00161
1.24658E15	0.0026
1.24731E15	0.00401
1.24803E15	0.00174
1.24875E15	0.00248
1.24948E15	0.00155
1.2502E15	0.00141
1.25093E15	0.00155
1.25165E15	0.00223
1.25238E15	0.00153
1.2531E15	0.00187
1.25382E15	8.52662E-4
1.25455E15	0.00232
1.25527E15	0.00201
1.256E15	0.00196
1.25672E15	0.00311
1.25744E15	0.00221
1.25817E15	0.00209
1.25889E15	0.00234
1.25962E15	0.00173
1.26034E15	0.00278
1.26106E15	0.00231
1.26179E15	0.00165
1.26251E15	0.00127
1.26324E15	0.00176
1.26396E15	0.00311
1.26469E15	0.00344
1.26541E15	0.00269
1.26613E15	0.00223
1.26686E15	0.00239
1.26758E15	0.00318
1.26831E15	0.00188
1.26903E15	0.00159
1.26975E15	0.00336
1.27048E15	0.00226
1.2712E15	0.00147
1.27193E15	0.00197
1.27265E15	0.00182
1.27337E15	0.00178
1.2741E15	0.00179
1.27482E15	0.00133
1.27555E15	0.00198
1.27627E15	0.00287
1.277E15	0.00234
1.27772E15	0.00212
1.27844E15	0.00215
1.27917E15	0.00197
1.27989E15	0.00154
1.28062E15	0.00188
1.28134E15	0.00196
1.28206E15	0.00229
1.28279E15	0.00207
1.28351E15	0.00234
1.28424E15	0.00188
1.28496E15	0.00207
1.28568E15	0.00252
1.28641E15	0.00323
1.28713E15	0.00151
1.28786E15	0.00139
1.28858E15	0.00155
1.28931E15	0.00136
1.29003E15	0.00168
1.29075E15	0.00299
1.29148E15	0.00202
1.2922E15	0.00204
1.29293E15	0.00146
1.29365E15	0.00189
1.29437E15	0.00157
1.2951E15	0.00241
1.29582E15	0.00169
1.29655E15	0.00176
1.29727E15	0.00178
1.29799E15	0.00282
1.29872E15	0.00237
1.29944E15	0.00218
1.30017E15	0.00279
1.30089E15	0.00266
1.30162E15	0.00243
1.30234E15	0.0017
1.30306E15	0.00266
1.30379E15	0.00148
1.30451E15	0.00114
1.30524E15	0.00211
1.30596E15	0.0021
1.30668E15	0.00259
1.30741E15	0.00119
1.30813E15	0.00221
1.30886E15	0.00193
1.30958E15	7.18743E-4
1.3103E15	8.13706E-4
1.31103E15	0.00269
1.31175E15	0.0031
1.31248E15	0.00227
1.3132E15	0.00219
1.31393E15	0.00316
1.31465E15	0.0023
1.31537E15	0.0019
1.3161E15	0.00252
1.31682E15	0.0015
1.31755E15	0.00303
1.31827E15	0.00262
1.31899E15	0.00165
1.31972E15	0.00242
1.32044E15	0.00164
1.32117E15	0.00198
1.32189E15	0.00246
1.32261E15	0.00206
1.32334E15	0.00156
1.32406E15	0.00356
1.32479E15	0.00277
1.32551E15	0.00536
1.32624E15	0.00605
1.32696E15	0.00592
1.32768E15	0.00646
1.32841E15	0.00265
1.32913E15	0.00331
1.32986E15	0.00457
1.33058E15	0.00231
1.3313E15	0.0076
1.33203E15	0.00732
1.33275E15	0.00243
1.33348E15	0.00531
1.3342E15	0.00882
1.33492E15	0.00517
1.33565E15	0.01495
1.33637E15	0.00664
1.3371E15	0.00821
1.33782E15	0.00391
1.33855E15	0.00618
1.33927E15	0.01455
1.33999E15	0.013
1.34072E15	0.01068
1.34144E15	0.01281
1.34217E15	0.01549
1.34289E15	0.00765
1.34361E15	0.00786
1.34434E15	0.00722
1.34506E15	0.00426
1.34579E15	0.00236
1.34651E15	0.00232
1.34723E15	0.00228
1.34796E15	0.00253
1.34868E15	0.00279
1.34941E15	0.00227
1.35013E15	0.00166
1.35086E15	0.00173
1.35158E15	0.00157
1.3523E15	0.00263
1.35303E15	0.00278
1.35375E15	0.00209
1.35448E15	0.00216
1.3552E15	0.00206
1.35592E15	0.00189
1.35665E15	0.00164
1.35737E15	0.00231
1.3581E15	0.00207
1.35882E15	0.00169
1.35954E15	0.00177
1.36027E15	0.00209
1.36099E15	0.00193
1.36172E15	0.00242
1.36244E15	0.00199
1.36317E15	0.00219
1.36389E15	0.00269
1.36461E15	0.00212
1.36534E15	0.00264
1.36606E15	0.00189
1.36679E15	0.00131
1.36751E15	0.0031
1.36823E15	0.00274
1.36896E15	0.00235
1.36968E15	0.00148
1.37041E15	0.00214
1.37113E15	0.00254
1.37185E15	0.00277
1.37258E15	0.00211
1.3733E15	0.00227
1.37403E15	0.0022
1.37475E15	0.00124
1.37548E15	0.00207
1.3762E15	0.00241
1.37692E15	0.00188
1.37765E15	0.00201
1.37837E15	0.00161
1.3791E15	0.00299
1.37982E15	0.00264
1.38054E15	0.00264
1.38127E15	0.0017
1.38199E15	0.00191
1.38272E15	0.00175
1.38344E15	0.00301
1.38416E15	0.00295
1.38489E15	0.00169
1.38561E15	0.00264
1.38634E15	0.00297
1.38706E15	0.0024
1.38779E15	0.00221
1.38851E15	0.00233
1.38923E15	0.00147
1.38996E15	0.00269
1.39068E15	0.00137
1.39141E15	0.00168
1.39213E15	0.00103
1.39285E15	0.00127
1.39358E15	0.00191
1.3943E15	8.45893E-4
1.39503E15	0.00138
1.39575E15	0.00287
1.39647E15	0.00311
1.3972E15	0.00271
1.39792E15	0.00337
1.39865E15	0.00126
1.39937E15	0.00167
1.4001E15	0.00173
1.40082E15	0.00242
1.40154E15	0.00121
1.40227E15	0.00253
1.40299E15	0.00272
1.40372E15	0.00242
1.40444E15	0.00125
1.40516E15	0.00135
1.40589E15	0.00167
1.40661E15	0.00248
1.40734E15	0.00263
1.40806E15	0.00135
1.40878E15	0.00307
1.40951E15	0.00207
1.41023E15	0.00309
1.41096E15	0.0035
1.41168E15	0.00206
1.41241E15	0.00201
1.41313E15	0.00282
1.41385E15	0.00251
1.41458E15	0.00133
1.4153E15	0.00155
1.41603E15	0.00186
1.41675E15	0.00193
1.41747E15	0.00276
1.4182E15	0.0025
1.41892E15	0.00273
1.41965E15	0.00362
1.42037E15	0.00228
1.42109E15	0.00136
1.42182E15	0.00197
1.42254E15	0.00232
1.42327E15	0.0023
1.42399E15	0.0034
1.42472E15	0.00289
1.42544E15	0.00264
1.42616E15	0.00237
1.42689E15	0.00244
1.42761E15	0.00273
1.42834E15	0.00209
1.42906E15	0.00222
1.42978E15	0.00272
1.43051E15	0.00201
1.43123E15	0.00283
1.43196E15	0.00264
1.43268E15	0.00262
1.4334E15	0.00232
1.43413E15	0.00221
1.43485E15	0.00221
1.43558E15	0.0025
1.4363E15	0.00302
1.43703E15	0.00299
1.43775E15	0.00157
1.43847E15	0.00144
1.4392E15	0.00191
1.43992E15	0.00138
1.44065E15	9.91144E-4
1.44137E15	0.00127
1.44209E15	0.0024
1.44282E15	0.00196