Frequency (Hz)  Abs
-8.99085E14	0.00109
-8.9836E14	9.64716E-4
-8.97634E14	8.40099E-4
-8.96909E14	7.15481E-4
-8.96183E14	5.90864E-4
-8.95458E14	4.66246E-4
-8.94733E14	3.41629E-4
-8.94007E14	2.17011E-4
-8.93282E14	6.21984E-5
-8.92556E14	1.80381E-4
-8.91831E14	2.20316E-4
-8.91106E14	2.3606E-4
-8.9038E14	1.07016E-4
-8.89655E14	3.46822E-4
-8.88929E14	2.63584E-4
-8.88204E14	4.41983E-4
-8.87479E14	4.12877E-4
-8.86753E14	1.85871E-4
-8.86028E14	2.42315E-4
-8.85302E14	1.61343E-4
-8.84577E14	3.04352E-4
-8.83852E14	4.78968E-4
-8.83126E14	9.77601E-5
-8.82401E14	1.49677E-4
-8.81675E14	4.123E-4
-8.8095E14	2.89973E-4
-8.80225E14	2.04865E-4
-8.79499E14	3.40759E-4
-8.78774E14	1.19854E-4
-8.78048E14	6.7361E-5
-8.77323E14	2.34248E-4
-8.76598E14	2.7442E-4
-8.75872E14	5.66677E-5
-8.75147E14	8.01621E-6
-8.74421E14	1.77613E-4
-8.73696E14	1.9903E-4
-8.72971E14	2.71626E-4
-8.72245E14	4.3543E-4
-8.7152E14	4.1337E-4
-8.70794E14	3.26641E-4
-8.70069E14	3.94646E-4
-8.69344E14	2.53107E-4
-8.68618E14	3.58982E-4
-8.67893E14	3.97003E-4
-8.67167E14	3.08071E-4
-8.66442E14	3.43364E-4
-8.65717E14	1.72199E-4
-8.64991E14	8.79742E-5
-8.64266E14	4.99547E-4
-8.6354E14	2.63404E-4
-8.62815E14	1.01025E-5
-8.6209E14	1.65454E-4
-8.61364E14	1.65651E-4
-8.60639E14	2.05181E-4
-8.59913E14	4.72475E-4
-8.59188E14	3.85386E-4
-8.58463E14	1.62325E-4
-8.57737E14	1.35076E-4
-8.57012E14	4.14272E-5
-8.56286E14	1.90661E-4
-8.55561E14	2.85807E-4
-8.54836E14	6.37082E-5
-8.5411E14	1.43256E-4
-8.53385E14	2.30173E-4
-8.52659E14	2.91222E-4
-8.51934E14	2.24724E-4
-8.51209E14	2.29342E-4
-8.50483E14	6.51887E-6
-8.49758E14	4.24833E-4
-8.49032E14	4.12467E-4
-8.48307E14	1.87309E-5
-8.47582E14	1.80802E-4
-8.46856E14	-5.06293E-5
-8.46131E14	2.27368E-4
-8.45405E14	2.86757E-4
-8.4468E14	3.11058E-4
-8.43955E14	2.39548E-4
-8.43229E14	-3.67849E-5
-8.42504E14	1.10988E-4
-8.41778E14	3.18039E-4
-8.41053E14	2.47516E-4
-8.40328E14	1.14107E-4
-8.39602E14	4.35833E-4
-8.38877E14	5.33067E-4
-8.38151E14	1.84863E-4
-8.37426E14	7.93629E-5
-8.36701E14	1.58601E-4
-8.35975E14	9.69372E-5
-8.3525E14	2.16616E-4
-8.34524E14	1.46781E-4
-8.33799E14	-1.38448E-6
-8.33074E14	2.81216E-4
-8.32348E14	3.39431E-4
-8.31623E14	1.28593E-4
-8.30897E14	2.70849E-4
-8.30172E14	1.75628E-4
-8.29447E14	3.05856E-4
-8.28721E14	4.66196E-4
-8.27996E14	3.57304E-4
-8.2727E14	1.79311E-4
-8.26545E14	1.99448E-4
-8.2582E14	2.76333E-4
-8.25094E14	2.67259E-4
-8.24369E14	3.12872E-4
-8.23643E14	1.37581E-4
-8.22918E14	2.70687E-4
-8.22193E14	1.74485E-4
-8.21467E14	2.29797E-4
-8.20742E14	4.23276E-4
-8.20016E14	2.68272E-4
-8.19291E14	1.33312E-4
-8.18566E14	5.58761E-4
-8.1784E14	6.29132E-4
-8.17115E14	2.93982E-4
-8.16389E14	2.25098E-4
-8.15664E14	3.11431E-4
-8.14939E14	4.16975E-4
-8.14213E14	4.75864E-4
-8.13488E14	3.36949E-4
-8.12762E14	3.4874E-4
-8.12037E14	3.58846E-4
-8.11312E14	9.82659E-5
-8.10586E14	1.66661E-4
-8.09861E14	3.82684E-4
-8.09135E14	3.77266E-4
-8.0841E14	4.40295E-4
-8.07685E14	5.62669E-4
-8.06959E14	3.21859E-4
-8.06234E14	3.37386E-4
-8.05508E14	3.46828E-4
-8.04783E14	4.62721E-4
-8.04058E14	1.2625E-4
-8.03332E14	4.13547E-4
-8.02607E14	2.65127E-4
-8.01881E14	1.22231E-4
-8.01156E14	1.93433E-4
-8.00431E14	1.38636E-4
-7.99705E14	2.95969E-4
-7.9898E14	2.31765E-4
-7.98254E14	2.32362E-4
-7.97529E14	1.02903E-4
-7.96804E14	1.74654E-4
-7.96078E14	1.98437E-4
-7.95353E14	3.2281E-5
-7.94627E14	1.80406E-4
-7.93902E14	2.84824E-4
-7.93177E14	2.02779E-4
-7.92451E14	1.81825E-4
-7.91726E14	1.91667E-4
-7.91E14	3.57456E-4
-7.90275E14	5.04204E-4
-7.8955E14	4.1847E-4
-7.88824E14	1.51456E-4
-7.88099E14	2.59596E-4
-7.87373E14	2.79564E-4
-7.86648E14	4.19979E-4
-7.85923E14	1.57087E-4
-7.85197E14	2.2566E-4
-7.84472E14	1.46877E-4
-7.83746E14	2.02203E-4
-7.83021E14	1.19313E-4
-7.82296E14	2.79356E-4
-7.8157E14	2.43991E-4
-7.80845E14	1.50583E-4
-7.80119E14	1.7004E-4
-7.79394E14	2.90598E-4
-7.78669E14	1.42018E-4
-7.77943E14	3.15427E-4
-7.77218E14	3.08889E-4
-7.76492E14	1.04959E-4
-7.75767E14	2.6711E-4
-7.75042E14	2.27727E-4
-7.74316E14	2.66112E-4
-7.73591E14	3.44913E-4
-7.72865E14	4.4636E-4
-7.7214E14	3.15508E-4
-7.71415E14	3.42637E-4
-7.70689E14	4.90089E-4
-7.69964E14	1.63752E-4
-7.69238E14	1.39749E-4
-7.68513E14	4.76475E-4
-7.67788E14	3.35367E-4
-7.67062E14	4.18493E-4
-7.66337E14	4.61273E-4
-7.65611E14	2.28388E-4
-7.64886E14	2.88702E-4
-7.64161E14	3.16853E-4
-7.63435E14	1.98144E-4
-7.6271E14	2.34889E-4
-7.61984E14	2.49885E-4
-7.61259E14	2.54309E-4
-7.60534E14	2.95796E-4
-7.59808E14	2.405E-4
-7.59083E14	3.17631E-4
-7.58357E14	3.14735E-4
-7.57632E14	4.30451E-4
-7.56907E14	3.43723E-4
-7.56181E14	4.48924E-4
-7.55456E14	3.36102E-4
-7.5473E14	3.19164E-4
-7.54005E14	3.97468E-4
-7.5328E14	3.66897E-4
-7.52554E14	3.58213E-4
-7.51829E14	3.68541E-4
-7.51103E14	3.74447E-4
-7.50378E14	2.50868E-4
-7.49653E14	3.47814E-4
-7.48927E14	3.34185E-4
-7.48202E14	3.28623E-4
-7.47476E14	3.11654E-4
-7.46751E14	1.59038E-4
-7.46026E14	1.59794E-4
-7.453E14	3.04075E-4
-7.44575E14	4.00292E-4
-7.43849E14	1.97698E-4
-7.43124E14	1.7733E-4
-7.42399E14	3.45691E-4
-7.41673E14	2.56201E-4
-7.40948E14	1.71309E-4
-7.40222E14	2.31427E-4
-7.39497E14	2.73066E-4
-7.38772E14	3.16051E-4
-7.38046E14	2.63181E-4
-7.37321E14	4.50533E-4
-7.36595E14	3.6062E-4
-7.3587E14	1.24759E-4
-7.35145E14	1.86742E-4
-7.34419E14	2.52007E-4
-7.33694E14	2.71467E-4
-7.32968E14	4.23588E-4
-7.32243E14	4.2147E-4
-7.31518E14	3.84942E-4
-7.30792E14	1.9321E-4
-7.30067E14	2.23736E-4
-7.29341E14	2.9079E-4
-7.28616E14	2.26774E-4
-7.27891E14	2.45261E-4
-7.27165E14	1.52171E-4
-7.2644E14	7.77886E-5
-7.25714E14	2.29125E-4
-7.24989E14	6.01352E-4
-7.24264E14	8.01417E-4
-7.23538E14	8.99227E-4
-7.22813E14	2.37502E-4
-7.22087E14	3.36103E-4
-7.21362E14	3.20378E-4
-7.20637E14	1.85548E-4
-7.19911E14	2.35139E-4
-7.19186E14	2.10033E-4
-7.1846E14	2.47682E-4
-7.17735E14	2.05221E-4
-7.1701E14	4.40304E-4
-7.16284E14	4.23105E-4
-7.15559E14	1.60955E-4
-7.14833E14	4.2317E-4
-7.14108E14	4.7692E-4
-7.13383E14	2.7315E-4
-7.12657E14	2.94235E-4
-7.11932E14	1.37563E-4
-7.11206E14	2.49202E-4
-7.10481E14	4.1926E-4
-7.09756E14	4.55917E-4
-7.0903E14	3.56378E-4
-7.08305E14	2.25757E-4
-7.07579E14	1.92873E-4
-7.06854E14	2.81821E-4
-7.06129E14	3.50445E-4
-7.05403E14	4.65545E-4
-7.04678E14	4.41749E-4
-7.03952E14	2.26722E-4
-7.03227E14	1.79594E-4
-7.02502E14	2.47913E-4
-7.01776E14	2.00342E-4
-7.01051E14	1.79716E-4
-7.00325E14	3.56074E-4
-6.996E14	3.70598E-4
-6.98875E14	3.62786E-4
-6.98149E14	2.45693E-4
-6.97424E14	1.27986E-4
-6.96698E14	3.05309E-4
-6.95973E14	3.73905E-4
-6.95248E14	4.58438E-4
-6.94522E14	3.92023E-4
-6.93797E14	5.59601E-4
-6.93071E14	4.72171E-4
-6.92346E14	4.22386E-4
-6.91621E14	5.34659E-4
-6.90895E14	3.79546E-4
-6.9017E14	1.93185E-4
-6.89444E14	3.93271E-4
-6.88719E14	3.88829E-4
-6.87994E14	4.35956E-4
-6.87268E14	2.54644E-4
-6.86543E14	2.7781E-4
-6.85817E14	2.27995E-4
-6.85092E14	2.27964E-4
-6.84367E14	3.1642E-4
-6.83641E14	2.50326E-4
-6.82916E14	4.53611E-4
-6.8219E14	4.46268E-4
-6.81465E14	3.80588E-4
-6.8074E14	2.81871E-4
-6.80014E14	2.09078E-4
-6.79289E14	2.0006E-4
-6.78563E14	1.95226E-4
-6.77838E14	2.25663E-4
-6.77113E14	3.00426E-4
-6.76387E14	4.22335E-4
-6.75662E14	3.69414E-4
-6.74936E14	2.03163E-4
-6.74211E14	2.00633E-4
-6.73486E14	2.92555E-4
-6.7276E14	4.25426E-4
-6.72035E14	3.23263E-4
-6.71309E14	2.47726E-4
-6.70584E14	2.82161E-4
-6.69859E14	3.38583E-4
-6.69133E14	3.7474E-4
-6.68408E14	2.49122E-4
-6.67682E14	2.00474E-4
-6.66957E14	2.84259E-4
-6.66232E14	3.07808E-4
-6.65506E14	2.1078E-4
-6.64781E14	2.84741E-4
-6.64055E14	2.22055E-4
-6.6333E14	2.06825E-4
-6.62605E14	1.98716E-4
-6.61879E14	2.09273E-4
-6.61154E14	2.83739E-4
-6.60428E14	2.89221E-4
-6.59703E14	3.4097E-4
-6.58978E14	3.17053E-4
-6.58252E14	2.99577E-4
-6.57527E14	3.01043E-4
-6.56801E14	2.67911E-4
-6.56076E14	2.96411E-4
-6.55351E14	3.7651E-4
-6.54625E14	3.881E-4
-6.539E14	1.97317E-4
-6.53174E14	1.02142E-4
-6.52449E14	2.29818E-4
-6.51724E14	1.53752E-4
-6.50998E14	2.76478E-5
-6.50273E14	1.41316E-4
-6.49547E14	4.01034E-4
-6.48822E14	3.57347E-4
-6.48097E14	3.3868E-4
-6.47371E14	3.842E-4
-6.46646E14	3.83352E-4
-6.4592E14	3.50094E-4
-6.45195E14	3.21431E-4
-6.4447E14	3.88639E-4
-6.43744E14	2.73853E-4
-6.43019E14	2.81561E-4
-6.42293E14	2.74234E-4
-6.41568E14	3.33909E-4
-6.40843E14	3.37533E-4
-6.40117E14	2.63751E-4
-6.39392E14	2.25693E-4
-6.38666E14	2.66325E-4
-6.37941E14	4.37913E-4
-6.37216E14	3.93525E-4
-6.3649E14	2.03853E-4
-6.35765E14	2.57311E-4
-6.35039E14	3.87181E-4
-6.34314E14	4.45622E-4
-6.33589E14	4.13158E-4
-6.32863E14	2.07301E-4
-6.32138E14	3.33202E-4
-6.31412E14	4.81805E-4
-6.30687E14	3.81009E-4
-6.29962E14	3.53455E-4
-6.29236E14	3.06557E-4
-6.28511E14	3.4973E-4
-6.27785E14	3.00497E-4
-6.2706E14	2.60276E-4
-6.26335E14	3.53136E-4
-6.25609E14	2.97215E-4
-6.24884E14	4.25509E-4
-6.24158E14	5.29583E-4
-6.23433E14	3.80734E-4
-6.22708E14	4.6389E-4
-6.21982E14	4.42272E-4
-6.21257E14	3.58787E-4
-6.20531E14	3.0192E-4
-6.19806E14	2.80601E-4
-6.19081E14	3.01367E-4
-6.18355E14	3.65119E-4
-6.1763E14	3.83635E-4
-6.16904E14	4.85442E-4
-6.16179E14	5.22532E-4
-6.15454E14	3.69725E-4
-6.14728E14	3.67903E-4
-6.14003E14	4.05151E-4
-6.13277E14	3.98482E-4
-6.12552E14	3.97106E-4
-6.11827E14	4.0302E-4
-6.11101E14	3.61418E-4
-6.10376E14	3.89412E-4
-6.0965E14	4.78243E-4
-6.08925E14	4.4374E-4
-6.082E14	3.42144E-4
-6.07474E14	3.18225E-4
-6.06749E14	2.56355E-4
-6.06023E14	2.21373E-4
-6.05298E14	2.08411E-4
-6.04573E14	4.04872E-4
-6.03847E14	4.4511E-4
-6.03122E14	2.32795E-4
-6.02396E14	2.49704E-4
-6.01671E14	3.51913E-4
-6.00946E14	1.32372E-4
-6.0022E14	2.09367E-4
-5.99495E14	4.38493E-4
-5.98769E14	4.8445E-4
-5.98044E14	3.96147E-4
-5.97319E14	2.93667E-4
-5.96593E14	2.46287E-4
-5.95868E14	3.06352E-4
-5.95142E14	2.83288E-4
-5.94417E14	2.99692E-4
-5.93692E14	1.90375E-4
-5.92966E14	1.14954E-4
-5.92241E14	1.9251E-4
-5.91515E14	3.68239E-4
-5.9079E14	4.26503E-4
-5.90065E14	3.97784E-4
-5.89339E14	4.43031E-4
-5.88614E14	4.15844E-4
-5.87888E14	3.34482E-4
-5.87163E14	3.79443E-4
-5.86438E14	5.37731E-4
-5.85712E14	6.28931E-4
-5.84987E14	5.84097E-4
-5.84261E14	3.90041E-4
-5.83536E14	3.55767E-4
-5.82811E14	3.9737E-4
-5.82085E14	2.22653E-4
-5.8136E14	1.12337E-4
-5.80634E14	1.35821E-4
-5.79909E14	2.74954E-4
-5.79184E14	5.50969E-4
-5.78458E14	4.87636E-4
-5.77733E14	2.52642E-4
-5.77007E14	2.84456E-4
-5.76282E14	4.50978E-4
-5.75557E14	4.19569E-4
-5.74831E14	3.88246E-4
-5.74106E14	3.91831E-4
-5.7338E14	4.88585E-4
-5.72655E14	3.72217E-4
-5.7193E14	4.85829E-4
-5.71204E14	4.53971E-4
-5.70479E14	3.8679E-4
-5.69753E14	4.22704E-4
-5.69028E14	4.60064E-4
-5.68303E14	4.7335E-4
-5.67577E14	3.39455E-4
-5.66852E14	3.68658E-4
-5.66126E14	3.6637E-4
-5.65401E14	2.69931E-4
-5.64676E14	2.95015E-4
-5.6395E14	4.14952E-4
-5.63225E14	4.26152E-4
-5.62499E14	4.52292E-4
-5.61774E14	2.28303E-4
-5.61049E14	1.54833E-4
-5.60323E14	3.77961E-4
-5.59598E14	4.28573E-4
-5.58872E14	4.59896E-4
-5.58147E14	4.81828E-4
-5.57422E14	3.8024E-4
-5.56696E14	2.95647E-4
-5.55971E14	1.56988E-4
-5.55245E14	3.30813E-4
-5.5452E14	3.48328E-4
-5.53795E14	2.69913E-4
-5.53069E14	4.14069E-4
-5.52344E14	4.20548E-4
-5.51618E14	4.03904E-4
-5.50893E14	3.781E-4
-5.50168E14	3.77582E-4
-5.49442E14	4.93975E-4
-5.48717E14	6.30738E-4
-5.47991E14	4.61775E-4
-5.47266E14	6.12101E-4
-5.46541E14	5.20264E-4
-5.45815E14	5.37522E-4
-5.4509E14	4.23665E-4
-5.44364E14	2.44923E-4
-5.43639E14	3.47442E-4
-5.42914E14	3.88141E-4
-5.42188E14	5.94955E-4
-5.41463E14	5.62109E-4
-5.40737E14	3.37224E-4
-5.40012E14	2.07366E-4
-5.39287E14	5.03184E-4
-5.38561E14	5.07928E-4
-5.37836E14	3.22399E-4
-5.3711E14	1.85411E-4
-5.36385E14	1.75721E-4
-5.3566E14	3.36483E-4
-5.34934E14	5.42886E-4
-5.34209E14	3.71798E-4
-5.33483E14	3.78193E-4
-5.32758E14	3.02179E-4
-5.32033E14	4.33536E-4
-5.31307E14	5.54185E-4
-5.30582E14	4.50826E-4
-5.29856E14	5.89941E-4
-5.29131E14	5.57028E-4
-5.28406E14	5.96879E-4
-5.2768E14	5.69595E-4
-5.26955E14	2.87202E-4
-5.26229E14	1.6707E-4
-5.25504E14	3.24987E-4
-5.24779E14	2.89788E-4
-5.24053E14	3.45336E-4
-5.23328E14	3.66746E-4
-5.22602E14	3.09959E-4
-5.21877E14	3.56452E-4
-5.21152E14	2.88882E-4
-5.20426E14	4.62492E-4
-5.19701E14	3.85389E-4
-5.18975E14	5.24594E-4
-5.1825E14	5.16435E-4
-5.17525E14	4.8711E-4
-5.16799E14	4.5289E-4
-5.16074E14	6.58256E-4
-5.15348E14	5.92835E-4
-5.14623E14	7.26783E-4
-5.13898E14	5.771E-4
-5.13172E14	3.93129E-4
-5.12447E14	2.1405E-4
-5.11721E14	4.15761E-4
-5.10996E14	2.32546E-4
-5.10271E14	2.64549E-4
-5.09545E14	4.46423E-4
-5.0882E14	6.14205E-4
-5.08094E14	4.51783E-4
-5.07369E14	5.29453E-4
-5.06644E14	4.68897E-4
-5.05918E14	4.74567E-4
-5.05193E14	6.21492E-4
-5.04467E14	5.0563E-4
-5.03742E14	5.0764E-4
-5.03017E14	4.42912E-4
-5.02291E14	4.83532E-4
-5.01566E14	5.40587E-4
-5.0084E14	5.20457E-4
-5.00115E14	3.49582E-4
-4.9939E14	4.23109E-4
-4.98664E14	3.85019E-4
-4.97939E14	3.57613E-4
-4.97213E14	4.33828E-4
-4.96488E14	5.46068E-4
-4.95763E14	5.5139E-4
-4.95037E14	7.17675E-4
-4.94312E14	2.73928E-4
-4.93586E14	3.55584E-4
-4.92861E14	4.36992E-4
-4.92136E14	3.25896E-4
-4.9141E14	1.88254E-4
-4.90685E14	4.19088E-4
-4.89959E14	7.25981E-4
-4.89234E14	4.20302E-4
-4.88509E14	5.56857E-4
-4.87783E14	3.68673E-4
-4.87058E14	6.33754E-4
-4.86332E14	5.99927E-4
-4.85607E14	3.52869E-4
-4.84882E14	1.2631E-4
-4.84156E14	2.7212E-4
-4.83431E14	4.82817E-4
-4.82705E14	4.00928E-4
-4.8198E14	4.06104E-4
-4.81255E14	4.41108E-4
-4.80529E14	4.69177E-4
-4.79804E14	2.35585E-4
-4.79078E14	2.34296E-4
-4.78353E14	4.60424E-4
-4.77628E14	5.5478E-4
-4.76902E14	3.20872E-4
-4.76177E14	3.24791E-4
-4.75451E14	4.42508E-4
-4.74726E14	4.88593E-4
-4.74001E14	4.69726E-4
-4.73275E14	3.70103E-4
-4.7255E14	5.15503E-4
-4.71824E14	5.8624E-4
-4.71099E14	7.02152E-4
-4.70374E14	3.41766E-4
-4.69648E14	2.16001E-4
-4.68923E14	5.08948E-4
-4.68197E14	1.68895E-4
-4.67472E14	3.37572E-4
-4.66747E14	8.34486E-4
-4.66021E14	5.96166E-4
-4.65296E14	3.90865E-4
-4.6457E14	3.19215E-4
-4.63845E14	4.10384E-4
-4.6312E14	5.04799E-4
-4.62394E14	4.34783E-4
-4.61669E14	1.88892E-4
-4.60943E14	2.82377E-4
-4.60218E14	1.1079E-4
-4.59493E14	1.72553E-4
-4.58767E14	2.67773E-4
-4.58042E14	2.56686E-4
-4.57316E14	1.7593E-4
-4.56591E14	3.05334E-4
-4.55866E14	4.0677E-4
-4.5514E14	3.69974E-4
-4.54415E14	9.83707E-5
-4.53689E14	4.52996E-4
-4.52964E14	3.48035E-4
-4.52239E14	4.58181E-4
-4.51513E14	4.99477E-4
-4.50788E14	5.34897E-4
-4.50062E14	2.99074E-4
-4.49337E14	3.45212E-4
-4.48612E14	2.66522E-4
-4.47886E14	3.08325E-4
-4.47161E14	4.1109E-4
-4.46435E14	4.69903E-4
-4.4571E14	7.28044E-4
-4.44985E14	3.63032E-4
-4.44259E14	5.04262E-4
-4.43534E14	4.43603E-4
-4.42808E14	4.13106E-4
-4.42083E14	3.33477E-4
-4.41358E14	4.62908E-4
-4.40632E14	3.32354E-4
-4.39907E14	5.17665E-4
-4.39181E14	5.33383E-4
-4.38456E14	4.04262E-4
-4.37731E14	4.54708E-4
-4.37005E14	3.72445E-4
-4.3628E14	4.30086E-4
-4.35554E14	3.17337E-4
-4.34829E14	6.77048E-4
-4.34104E14	4.97555E-4
-4.33378E14	3.1236E-4
-4.32653E14	3.0583E-4
-4.31927E14	3.28657E-4
-4.31202E14	4.2114E-4
-4.30477E14	2.62941E-4
-4.29751E14	4.52421E-4
-4.29026E14	3.71486E-4
-4.283E14	1.97676E-4
-4.27575E14	3.13277E-4
-4.2685E14	8.11637E-4
-4.26124E14	5.13821E-4
-4.25399E14	3.16274E-4
-4.24673E14	2.04286E-4
-4.23948E14	2.51404E-4
-4.23223E14	5.09963E-4
-4.22497E14	6.24097E-4
-4.21772E14	6.38555E-4
-4.21046E14	3.88036E-4
-4.20321E14	6.63518E-4
-4.19596E14	5.62449E-4
-4.1887E14	5.79955E-4
-4.18145E14	4.60528E-4
-4.17419E14	4.88597E-4
-4.16694E14	1.86071E-4
-4.15969E14	6.6441E-4
-4.15243E14	8.54144E-4
-4.14518E14	6.93911E-4
-4.13792E14	6.4558E-4
-4.13067E14	2.17942E-4
-4.12342E14	3.23484E-4
-4.11616E14	5.59508E-4
-4.10891E14	3.84128E-4
-4.10165E14	8.46078E-4
-4.0944E14	5.84686E-4
-4.08715E14	7.13668E-4
-4.07989E14	5.86573E-4
-4.07264E14	2.7962E-4
-4.06538E14	5.53306E-4
-4.05813E14	5.2874E-4
-4.05088E14	3.77722E-4
-4.04362E14	5.8607E-4
-4.03637E14	7.48729E-4
-4.02911E14	6.25441E-4
-4.02186E14	0.001
-4.01461E14	8.60793E-4
-4.00735E14	8.98926E-4
-4.0001E14	8.93264E-4
-3.99284E14	5.85117E-4
-3.98559E14	2.16348E-4
-3.97834E14	3.90758E-4
-3.97108E14	4.4519E-4
-3.96383E14	7.31535E-4
-3.95657E14	9.66823E-4
-3.94932E14	6.27924E-4
-3.94207E14	7.06724E-4
-3.93481E14	6.57361E-4
-3.92756E14	6.95449E-4
-3.9203E14	5.67563E-4
-3.91305E14	5.83746E-4
-3.9058E14	4.71107E-4
-3.89854E14	1.60127E-4
-3.89129E14	2.32251E-4
-3.88403E14	2.49417E-4
-3.87678E14	5.79961E-4
-3.86953E14	3.51245E-4
-3.86227E14	4.59175E-4
-3.85502E14	5.11224E-4
-3.84776E14	6.18367E-4
-3.84051E14	5.69972E-4
-3.83326E14	4.01822E-4
-3.826E14	6.89098E-4
-3.81875E14	6.55802E-4
-3.81149E14	2.8998E-4
-3.80424E14	4.12087E-4
-3.79699E14	4.37442E-4
-3.78973E14	6.00769E-4
-3.78248E14	6.4402E-4
-3.77522E14	3.10981E-4
-3.76797E14	3.89342E-4
-3.76072E14	5.00099E-4
-3.75346E14	4.40695E-4
-3.74621E14	6.91809E-4
-3.73895E14	4.84628E-4
-3.7317E14	8.02796E-4
-3.72445E14	7.37982E-4
-3.71719E14	6.90727E-4
-3.70994E14	7.64651E-4
-3.70268E14	6.25762E-4
-3.69543E14	7.69087E-4
-3.68818E14	7.02667E-4
-3.68092E14	3.15714E-4
-3.67367E14	3.50813E-4
-3.66641E14	1.84204E-4
-3.65916E14	2.9543E-4
-3.65191E14	4.089E-4
-3.64465E14	5.07568E-4
-3.6374E14	3.06155E-4
-3.63014E14	2.32127E-4
-3.62289E14	2.91125E-4
-3.61564E14	2.62408E-4
-3.60838E14	4.12723E-4
-3.60113E14	2.61216E-4
-3.59387E14	4.68789E-4
-3.58662E14	5.03739E-4
-3.57937E14	5.17271E-4
-3.57211E14	7.64911E-4
-3.56486E14	5.31528E-4
-3.5576E14	6.81795E-4
-3.55035E14	5.23713E-4
-3.5431E14	5.76248E-4
-3.53584E14	6.53274E-4
-3.52859E14	2.97308E-4
-3.52133E14	4.11779E-4
-3.51408E14	7.26559E-4
-3.50683E14	5.92422E-4
-3.49957E14	6.07446E-4
-3.49232E14	5.81832E-4
-3.48506E14	5.38955E-4
-3.47781E14	5.57266E-4
-3.47056E14	5.58674E-4
-3.4633E14	7.05221E-4
-3.45605E14	5.02255E-4
-3.44879E14	5.7822E-4
-3.44154E14	6.76649E-4
-3.43429E14	5.6151E-4
-3.42703E14	5.40978E-4
-3.41978E14	6.88667E-4
-3.41252E14	6.13123E-4
-3.40527E14	5.36995E-4
-3.39802E14	7.00598E-4
-3.39076E14	6.71381E-4
-3.38351E14	4.53087E-4
-3.37625E14	6.17264E-4
-3.369E14	7.63719E-4
-3.36175E14	5.33526E-4
-3.35449E14	3.36946E-4
-3.34724E14	5.51865E-4
-3.33998E14	6.29496E-4
-3.33273E14	6.22863E-4
-3.32548E14	5.09556E-4
-3.31822E14	5.87737E-4
-3.31097E14	4.06494E-4
-3.30371E14	5.14554E-4
-3.29646E14	4.64855E-4
-3.28921E14	4.55022E-4
-3.28195E14	4.92875E-4
-3.2747E14	5.81733E-4
-3.26744E14	6.24353E-4
-3.26019E14	4.9057E-4
-3.25294E14	5.137E-4
-3.24568E14	8.21497E-4
-3.23843E14	0.00101
-3.23117E14	0.00101
-3.22392E14	9.66905E-4
-3.21667E14	6.24092E-4
-3.20941E14	5.06858E-4
-3.20216E14	6.43128E-4
-3.1949E14	7.81821E-4
-3.18765E14	6.27011E-4
-3.1804E14	4.41677E-4
-3.17314E14	3.31952E-4
-3.16589E14	4.40266E-4
-3.15863E14	5.85744E-4
-3.15138E14	4.70525E-4
-3.14413E14	4.72999E-4
-3.13687E14	5.60417E-4
-3.12962E14	6.54679E-4
-3.12236E14	5.33064E-4
-3.11511E14	5.58338E-4
-3.10786E14	5.55363E-4
-3.1006E14	5.08696E-4
-3.09335E14	4.07056E-4
-3.08609E14	5.08521E-4
-3.07884E14	6.05394E-4
-3.07159E14	5.78944E-4
-3.06433E14	5.71698E-4
-3.05708E14	3.34362E-4
-3.04982E14	2.7012E-4
-3.04257E14	5.22147E-4
-3.03532E14	8.12476E-4
-3.02806E14	4.87473E-4
-3.02081E14	3.27447E-4
-3.01355E14	3.65688E-4
-3.0063E14	5.28111E-4
-2.99905E14	6.13728E-4
-2.99179E14	4.08113E-4
-2.98454E14	4.90825E-4
-2.97728E14	5.2965E-4
-2.97003E14	6.2683E-4
-2.96278E14	5.17103E-4
-2.95552E14	6.27117E-4
-2.94827E14	5.95088E-4
-2.94101E14	5.16416E-4
-2.93376E14	5.95699E-4
-2.92651E14	5.81828E-4
-2.91925E14	7.23374E-4
-2.912E14	6.81521E-4
-2.90474E14	6.98666E-4
-2.89749E14	7.98873E-4
-2.89024E14	7.9399E-4
-2.88298E14	4.98439E-4
-2.87573E14	6.81114E-4
-2.86847E14	7.58376E-4
-2.86122E14	5.6456E-4
-2.85397E14	6.25671E-4
-2.84671E14	7.25854E-4
-2.83946E14	6.22274E-4
-2.8322E14	7.1529E-4
-2.82495E14	5.37296E-4
-2.8177E14	4.72255E-4
-2.81044E14	5.07283E-4
-2.80319E14	4.75355E-4
-2.79593E14	7.08323E-4
-2.78868E14	7.20539E-4
-2.78143E14	8.54627E-4
-2.77417E14	6.52353E-4
-2.76692E14	6.14617E-4
-2.75966E14	6.21244E-4
-2.75241E14	4.87216E-4
-2.74516E14	9.16511E-4
-2.7379E14	0.0012
-2.73065E14	9.72425E-4
-2.72339E14	7.83602E-4
-2.71614E14	7.41194E-4
-2.70889E14	6.15759E-4
-2.70163E14	7.2356E-4
-2.69438E14	9.29284E-4
-2.68712E14	8.00694E-4
-2.67987E14	4.09782E-4
-2.67262E14	4.38502E-4
-2.66536E14	5.25508E-4
-2.65811E14	7.0281E-4
-2.65085E14	7.47326E-4
-2.6436E14	4.25691E-4
-2.63635E14	3.71092E-4
-2.62909E14	6.62979E-4
-2.62184E14	7.74542E-4
-2.61458E14	9.19051E-4
-2.60733E14	8.89071E-4
-2.60008E14	7.285E-4
-2.59282E14	7.12112E-4
-2.58557E14	5.00839E-4
-2.57831E14	5.30457E-4
-2.57106E14	6.26728E-4
-2.56381E14	6.00565E-4
-2.55655E14	4.60817E-4
-2.5493E14	4.62421E-4
-2.54204E14	6.37951E-4
-2.53479E14	6.82589E-4
-2.52754E14	6.78901E-4
-2.52028E14	8.99681E-4
-2.51303E14	7.18843E-4
-2.50577E14	5.38532E-4
-2.49852E14	6.40561E-4
-2.49127E14	6.37969E-4
-2.48401E14	5.10448E-4
-2.47676E14	3.90352E-4
-2.4695E14	6.50032E-4
-2.46225E14	6.20461E-4
-2.455E14	4.95091E-4
-2.44774E14	7.9967E-4
-2.44049E14	0.00114
-2.43323E14	0.0012
-2.42598E14	9.34784E-4
-2.41873E14	7.65631E-4
-2.41147E14	9.68808E-4
-2.40422E14	0.00111
-2.39696E14	0.00103
-2.38971E14	6.85859E-4
-2.38246E14	6.56875E-4
-2.3752E14	8.4045E-4
-2.36795E14	8.15513E-4
-2.36069E14	6.87093E-4
-2.35344E14	7.17747E-4
-2.34619E14	8.38868E-4
-2.33893E14	8.55233E-4
-2.33168E14	6.4136E-4
-2.32442E14	6.6711E-4
-2.31717E14	7.08628E-4
-2.30992E14	8.07139E-4
-2.30266E14	7.64781E-4
-2.29541E14	7.05601E-4
-2.28815E14	7.24416E-4
-2.2809E14	7.82531E-4
-2.27365E14	0.00109
-2.26639E14	9.85768E-4
-2.25914E14	8.02917E-4
-2.25188E14	6.87231E-4
-2.24463E14	7.38653E-4
-2.23738E14	8.62236E-4
-2.23012E14	8.73341E-4
-2.22287E14	9.17561E-4
-2.21561E14	8.79127E-4
-2.20836E14	8.95475E-4
-2.20111E14	7.93335E-4
-2.19385E14	6.25748E-4
-2.1866E14	6.47755E-4
-2.17934E14	7.2555E-4
-2.17209E14	6.96485E-4
-2.16484E14	8.18966E-4
-2.15758E14	9.31893E-4
-2.15033E14	7.89739E-4
-2.14307E14	9.23038E-4
-2.13582E14	9.88397E-4
-2.12857E14	9.05049E-4
-2.12131E14	8.39668E-4
-2.11406E14	7.89298E-4
-2.1068E14	0.00103
-2.09955E14	0.0012
-2.0923E14	9.65447E-4
-2.08504E14	6.74566E-4
-2.07779E14	6.90414E-4
-2.07053E14	8.69738E-4
-2.06328E14	0.00125
-2.05603E14	0.00111
-2.04877E14	0.00101
-2.04152E14	8.19808E-4
-2.03426E14	5.50388E-4
-2.02701E14	7.42719E-4
-2.01976E14	8.39363E-4
-2.0125E14	0.00102
-2.00525E14	0.00108
-1.99799E14	8.34527E-4
-1.99074E14	8.66898E-4
-1.98349E14	0.0012
-1.97623E14	9.72577E-4
-1.96898E14	6.88331E-4
-1.96172E14	9.99046E-4
-1.95447E14	0.00106
-1.94722E14	8.47237E-4
-1.93996E14	0.00106
-1.93271E14	0.0013
-1.92545E14	0.00136
-1.9182E14	0.00119
-1.91095E14	9.79385E-4
-1.90369E14	8.30891E-4
-1.89644E14	7.4649E-4
-1.88918E14	0.00106
-1.88193E14	0.00156
-1.87468E14	0.00152
-1.86742E14	0.0011
-1.86017E14	8.47862E-4
-1.85291E14	8.71255E-4
-1.84566E14	8.91015E-4
-1.83841E14	9.01023E-4
-1.83115E14	0.00123
-1.8239E14	0.00117
-1.81664E14	7.12277E-4
-1.80939E14	9.62324E-4
-1.80214E14	0.00153
-1.79488E14	0.00134
-1.78763E14	0.00131
-1.78037E14	0.00122
-1.77312E14	0.00117
-1.76587E14	0.00102
-1.75861E14	0.00108
-1.75136E14	0.00102
-1.7441E14	0.0012
-1.73685E14	0.0013
-1.7296E14	0.00126
-1.72234E14	0.00145
-1.71509E14	0.00138
-1.70783E14	0.00128
-1.70058E14	0.00156
-1.69333E14	0.00143
-1.68607E14	0.00128
-1.67882E14	0.00138
-1.67156E14	0.00109
-1.66431E14	0.00125
-1.65706E14	0.00142
-1.6498E14	0.00168
-1.64255E14	0.0015
-1.63529E14	0.00114
-1.62804E14	8.36911E-4
-1.62079E14	0.00148
-1.61353E14	0.00146
-1.60628E14	0.00143
-1.59902E14	0.00149
-1.59177E14	0.00162
-1.58452E14	0.00169
-1.57726E14	0.00173
-1.57001E14	0.0017
-1.56275E14	0.0014
-1.5555E14	0.00175
-1.54825E14	0.00179
-1.54099E14	0.00173
-1.53374E14	0.00167
-1.52648E14	0.00125
-1.51923E14	0.00127
-1.51198E14	0.0016
-1.50472E14	0.00135
-1.49747E14	0.00104
-1.49021E14	0.00162
-1.48296E14	0.00206
-1.47571E14	0.00156
-1.46845E14	0.0012
-1.4612E14	0.00127
-1.45394E14	0.00155
-1.44669E14	0.00171
-1.43944E14	0.00152
-1.43218E14	0.00171
-1.42493E14	0.00157
-1.41767E14	0.00159
-1.41042E14	0.00168
-1.40317E14	0.002
-1.39591E14	0.00204
-1.38866E14	0.00141
-1.3814E14	0.00137
-1.37415E14	0.00154
-1.3669E14	0.00169
-1.35964E14	0.00161
-1.35239E14	0.00179
-1.34513E14	0.00193
-1.33788E14	0.00166
-1.33063E14	0.00125
-1.32337E14	0.00102
-1.31612E14	0.00148
-1.30886E14	0.0014
-1.30161E14	0.00154
-1.29436E14	0.00125
-1.2871E14	0.00124
-1.27985E14	0.00128
-1.27259E14	0.00104
-1.26534E14	0.00144
-1.25809E14	0.00175
-1.25083E14	0.00181
-1.24358E14	0.00147
-1.23632E14	0.00149
-1.22907E14	0.00189
-1.22182E14	0.002
-1.21456E14	0.00166
-1.20731E14	0.00144
-1.20005E14	0.00143
-1.1928E14	0.00157
-1.18555E14	0.00138
-1.17829E14	0.00143
-1.17104E14	0.00196
-1.16378E14	0.00154
-1.15653E14	0.00129
-1.14928E14	0.00149
-1.14202E14	0.0017
-1.13477E14	0.00165
-1.12751E14	0.00232
-1.12026E14	0.00236
-1.11301E14	0.00208
-1.10575E14	0.002
-1.0985E14	0.00169
-1.09124E14	0.00182
-1.08399E14	0.00155
-1.07674E14	8.98365E-4
-1.06948E14	0.00143
-1.06223E14	0.00229
-1.05497E14	0.00208
-1.04772E14	0.00176
-1.04047E14	0.00158
-1.03321E14	0.00178
-1.02596E14	0.00184
-1.0187E14	0.00173
-1.01145E14	0.00253
-1.0042E14	0.00195
-9.96941E13	0.00215
-9.89687E13	0.00191
-9.82433E13	0.00199
-9.75179E13	0.00229
-9.67925E13	0.00185
-9.60671E13	0.00191
-9.53417E13	0.00187
-9.46163E13	0.00217
-9.38909E13	0.00209
-9.31655E13	0.00245
-9.24401E13	0.00279
-9.17147E13	0.00217
-9.09893E13	0.00193
-9.02639E13	0.00193
-8.95385E13	0.00154
-8.88131E13	0.00188
-8.80877E13	0.0018
-8.73623E13	0.00189
-8.66369E13	0.00248
-8.59115E13	0.00274
-8.51861E13	0.00257
-8.44607E13	0.00206
-8.37353E13	0.00202
-8.30099E13	0.00213
-8.22845E13	0.00239
-8.15591E13	0.00215
-8.08337E13	0.00235
-8.01083E13	0.00208
-7.93829E13	0.00293
-7.86575E13	0.00212
-7.79321E13	0.00168
-7.72067E13	0.00231
-7.64813E13	0.00162
-7.57559E13	0.00262
-7.50305E13	0.00284
-7.43051E13	0.00275
-7.35797E13	0.00274
-7.28543E13	0.00291
-7.21289E13	0.00315
-7.14035E13	0.00282
-7.06781E13	0.00257
-6.99527E13	0.0023
-6.92273E13	0.00163
-6.85019E13	0.00269
-6.77765E13	0.00296
-6.70511E13	0.00342
-6.63257E13	0.00299
-6.56003E13	0.00287
-6.48749E13	0.00265
-6.41495E13	0.00312
-6.34241E13	0.00337
-6.26987E13	0.00304
-6.19733E13	0.00364
-6.12479E13	0.00277
-6.05225E13	0.0018
-5.97971E13	0.00276
-5.90717E13	0.00354
-5.83463E13	0.00398
-5.76209E13	0.00386
-5.68955E13	0.00347
-5.61701E13	0.00337
-5.54447E13	0.00433
-5.47193E13	0.00391
-5.39939E13	0.00368
-5.32685E13	0.00417
-5.25431E13	0.00461
-5.18177E13	0.00548
-5.10923E13	0.00623
-5.03669E13	0.00537
-4.96415E13	0.0042
-4.89161E13	0.00494
-4.81907E13	0.00554
-4.74653E13	0.0048
-4.67399E13	0.0057
-4.60145E13	0.00635
-4.52891E13	0.00569
-4.45637E13	0.00654
-4.38383E13	0.00609
-4.31129E13	0.00577
-4.23875E13	0.00546
-4.16621E13	0.00729
-4.09367E13	0.0058
-4.02113E13	0.00648
-3.94859E13	0.00634
-3.87605E13	0.0072
-3.80351E13	0.00548
-3.73097E13	0.00759
-3.65843E13	0.00925
-3.58589E13	0.00609
-3.51335E13	0.00736
-3.44081E13	0.00881
-3.36827E13	0.00743
-3.29573E13	0.00708
-3.22319E13	0.00823
-3.15065E13	0.0091
-3.07811E13	0.01189
-3.00557E13	0.01076
-2.93303E13	0.01027
-2.86049E13	0.00881
-2.78795E13	0.01036
-2.71541E13	0.01544
-2.64287E13	0.01556
-2.57033E13	0.01551
-2.49779E13	0.01641
-2.42525E13	0.01828
-2.35271E13	0.01444
-2.28017E13	0.02273
-2.20763E13	0.02811
-2.13509E13	0.02458
-2.06255E13	0.03036
-1.99001E13	0.02722
-1.91747E13	0.03581
-1.84493E13	0.04626
-1.77239E13	0.05127
-1.69985E13	0.05692
-1.62731E13	0.06264
-1.55477E13	0.06598
-1.48223E13	0.05937
-1.40969E13	0.06303
-1.33715E13	0.05783
-1.26461E13	0.0546
-1.19207E13	0.06303
-1.11953E13	0.06402
-1.04699E13	0.053
-9.74454E12	0.02983
-9.01914E12	0.01401
-8.29374E12	-0.01689
-7.56834E12	1.08767E-4
-6.84294E12	-0.02316
-6.11754E12	0.01035
-5.39214E12	-0.02482
-4.66674E12	0.00859
-3.94134E12	0.04663
-3.21594E12	0.04552
-2.49054E12	0.03582
-1.76514E12	0.0775
-1.03974E12	0.03448
-3.1434E11	0.0169
4.1106E11	0.08309
1.13646E12	0.06586
1.86186E12	0.08799
2.58726E12	0.02135
3.31266E12	-0.01317
4.03806E12	0.00833
4.76346E12	-0.02366
5.48886E12	0.0054
6.21426E12	0.01847
6.93966E12	-0.00254
7.66506E12	0.00292
8.39046E12	0.02531
9.11586E12	0.01383
9.84126E12	0.00491
1.05667E13	0.02657
1.12921E13	0.01851
1.20175E13	0.02198
1.27429E13	0.0326
1.34683E13	0.02315
1.41937E13	0.03371
1.49191E13	0.02788
1.56445E13	0.03219
1.63699E13	0.0276
1.70953E13	0.03109
1.78207E13	0.03597
1.85461E13	0.03492
1.92715E13	0.03564
1.99969E13	0.03107
2.07223E13	0.03506
2.14477E13	0.02823
2.21731E13	0.02569
2.28985E13	0.02065
2.36239E13	0.0292
2.43493E13	0.02697
2.50747E13	0.02682
2.58001E13	0.02669
2.65255E13	0.03119
2.72509E13	0.0315
2.79763E13	0.03393
2.87017E13	0.03372
2.94271E13	0.03589
3.01525E13	0.03772
3.08779E13	0.04307
3.16033E13	0.04129
3.23287E13	0.04221
3.30541E13	0.04683
3.37795E13	0.0527
3.45049E13	0.05257
3.52303E13	0.05045
3.59557E13	0.05262
3.66811E13	0.05306
3.74065E13	0.04833
3.81319E13	0.05122
3.88573E13	0.04891
3.95827E13	0.04834
4.03081E13	0.04758
4.10335E13	0.04506
4.17589E13	0.04133
4.24843E13	0.0408
4.32097E13	0.03709
4.39351E13	0.03639
4.46605E13	0.03449
4.53859E13	0.03328
4.61113E13	0.02897
4.68367E13	0.02699
4.75621E13	0.02737
4.82875E13	0.02425
4.90129E13	0.02273
4.97383E13	0.02257
5.04637E13	0.02137
5.11891E13	0.01853
5.19145E13	0.01728
5.26399E13	0.01755
5.33653E13	0.01737
5.40907E13	0.0174
5.48161E13	0.01599
5.55415E13	0.01676
5.62669E13	0.01728
5.69923E13	0.01708
5.77177E13	0.01706
5.84431E13	0.01859
5.91685E13	0.01943
5.98939E13	0.01912
6.06193E13	0.01837
6.13447E13	0.02006
6.20701E13	0.02136
6.27955E13	0.02183
6.35209E13	0.0231
6.42463E13	0.02435
6.49717E13	0.0257
6.56971E13	0.02683
6.64225E13	0.0267
6.71479E13	0.02806
6.78733E13	0.02681
6.85987E13	0.02787
6.93241E13	0.0287
7.00495E13	0.02858
7.07749E13	0.02964
7.15003E13	0.02956
7.22257E13	0.02925
7.29511E13	0.02947
7.36765E13	0.02804
7.44019E13	0.02646
7.51273E13	0.02462
7.58527E13	0.02369
7.65781E13	0.02218
7.73035E13	0.02166
7.80289E13	0.02012
7.87543E13	0.01879
7.94797E13	0.01811
8.02051E13	0.01643
8.09305E13	0.01628
8.16559E13	0.01489
8.23813E13	0.01339
8.31067E13	0.01329
8.38321E13	0.01273
8.45575E13	0.01138
8.52829E13	0.0104
8.60083E13	0.01089
8.67337E13	0.01113
8.74591E13	0.01119
8.81845E13	0.01107
8.89099E13	0.01027
8.96353E13	0.00989
9.03607E13	0.01018
9.10861E13	0.01056
9.18115E13	0.01077
9.25369E13	0.01143
9.32623E13	0.01265
9.39877E13	0.01311
9.47131E13	0.01295
9.54385E13	0.01313
9.61639E13	0.01365
9.68893E13	0.01397
9.76147E13	0.01472
9.83401E13	0.01569
9.90655E13	0.0161
9.97909E13	0.01646
1.00516E14	0.01719
1.01242E14	0.01765
1.01967E14	0.01748
1.02692E14	0.01752
1.03418E14	0.0173
1.04143E14	0.01717
1.04869E14	0.01696
1.05594E14	0.01691
1.06319E14	0.01677
1.07045E14	0.01538
1.0777E14	0.01454
1.08496E14	0.01378
1.09221E14	0.01301
1.09946E14	0.01254
1.10672E14	0.01256
1.11397E14	0.01187
1.12123E14	0.01101
1.12848E14	0.01099
1.13573E14	0.0107
1.14299E14	0.00976
1.15024E14	0.00897
1.1575E14	0.00764
1.16475E14	0.00773
1.172E14	0.00772
1.17926E14	0.00749
1.18651E14	0.00728
1.19377E14	0.00748
1.20102E14	0.00807
1.20827E14	0.00809
1.21553E14	0.00715
1.22278E14	0.00835
1.23004E14	0.00828
1.23729E14	0.00867
1.24454E14	0.00946
1.2518E14	0.00911
1.25905E14	0.00924
1.26631E14	0.00983
1.27356E14	0.00944
1.28081E14	0.00928
1.28807E14	0.01
1.29532E14	0.01139
1.30258E14	0.0105
1.30983E14	0.00983
1.31708E14	0.01051
1.32434E14	0.01139
1.33159E14	0.01127
1.33885E14	0.01132
1.3461E14	0.01173
1.35335E14	0.01112
1.36061E14	0.01084
1.36786E14	0.01044
1.37512E14	0.01057
1.38237E14	0.01031
1.38962E14	0.00926
1.39688E14	0.00893
1.40413E14	0.00917
1.41139E14	0.00871
1.41864E14	0.00841
1.42589E14	0.00816
1.43315E14	0.0075
1.4404E14	0.00708
1.44766E14	0.00679
1.45491E14	0.00644
1.46216E14	0.00622
1.46942E14	0.00636
1.47667E14	0.00574
1.48393E14	0.00589
1.49118E14	0.00597
1.49843E14	0.00563
1.50569E14	0.00581
1.51294E14	0.0064
1.5202E14	0.00653
1.52745E14	0.0066
1.5347E14	0.00639
1.54196E14	0.00647
1.54921E14	0.00702
1.55647E14	0.00653
1.56372E14	0.00601
1.57097E14	0.00647
1.57823E14	0.00709
1.58548E14	0.00732
1.59274E14	0.00758
1.59999E14	0.00731
1.60724E14	0.00727
1.6145E14	0.00782
1.62175E14	0.00765
1.62901E14	0.00769
1.63626E14	0.00826
1.64351E14	0.00773
1.65077E14	0.00681
1.65802E14	0.00692
1.66528E14	0.00727
1.67253E14	0.00679
1.67978E14	0.00611
1.68704E14	0.00583
1.69429E14	0.006
1.70155E14	0.00627
1.7088E14	0.00541
1.71605E14	0.00497
1.72331E14	0.00548
1.73056E14	0.00532
1.73782E14	0.00527
1.74507E14	0.00572
1.75232E14	0.00543
1.75958E14	0.00495
1.76683E14	0.00454
1.77409E14	0.0044
1.78134E14	0.00441
1.78859E14	0.00493
1.79585E14	0.00503
1.8031E14	0.00515
1.81036E14	0.00509
1.81761E14	0.00487
1.82486E14	0.00489
1.83212E14	0.00489
1.83937E14	0.00565
1.84663E14	0.0054
1.85388E14	0.00487
1.86113E14	0.00521
1.86839E14	0.00544
1.87564E14	0.00545
1.8829E14	0.00533
1.89015E14	0.00528
1.8974E14	0.00547
1.90466E14	0.00572
1.91191E14	0.00606
1.91917E14	0.00585
1.92642E14	0.00536
1.93367E14	0.00509
1.94093E14	0.0048
1.94818E14	0.00432
1.95544E14	0.00415
1.96269E14	0.00413
1.96994E14	0.00405
1.9772E14	0.00357
1.98445E14	0.00363
1.99171E14	0.00411
1.99896E14	0.00445
2.00621E14	0.00456
2.01347E14	0.0047
2.02072E14	0.00456
2.02798E14	0.0039
2.03523E14	0.00385
2.04248E14	0.00416
2.04974E14	0.00383
2.05699E14	0.00327
2.06425E14	0.00334
2.0715E14	0.00374
2.07875E14	0.00363
2.08601E14	0.00333
2.09326E14	0.00371
2.10052E14	0.00401
2.10777E14	0.00415
2.11502E14	0.0044
2.12228E14	0.00404
2.12953E14	0.00375
2.13679E14	0.00379
2.14404E14	0.00367
2.15129E14	0.00379
2.15855E14	0.00403
2.1658E14	0.00384
2.17306E14	0.00339
2.18031E14	0.00332
2.18756E14	0.00305
2.19482E14	0.00334
2.20207E14	0.00347
2.20933E14	0.00309
2.21658E14	0.00308
2.22383E14	0.00331
2.23109E14	0.00331
2.23834E14	0.00346
2.2456E14	0.00332
2.25285E14	0.0028
2.2601E14	0.00281
2.26736E14	0.00313
2.27461E14	0.0035
2.28187E14	0.00357
2.28912E14	0.00326
2.29637E14	0.00315
2.30363E14	0.00339
2.31088E14	0.00336
2.31814E14	0.00345
2.32539E14	0.00339
2.33264E14	0.00322
2.3399E14	0.00332
2.34715E14	0.00336
2.35441E14	0.00294
2.36166E14	0.00307
2.36891E14	0.0033
2.37617E14	0.0033
2.38342E14	0.00292
2.39068E14	0.00289
2.39793E14	0.00299
2.40518E14	0.00292
2.41244E14	0.00272
2.41969E14	0.00248
2.42695E14	0.00257
2.4342E14	0.0025
2.44145E14	0.00265
2.44871E14	0.00304
2.45596E14	0.00253
2.46322E14	0.00265
2.47047E14	0.00298
2.47772E14	0.00287
2.48498E14	0.00268
2.49223E14	0.00262
2.49949E14	0.00271
2.50674E14	0.00274
2.51399E14	0.00257
2.52125E14	0.00209
2.5285E14	0.00187
2.53576E14	0.00241
2.54301E14	0.00289
2.55026E14	0.00255
2.55752E14	0.00231
2.56477E14	0.00228
2.57203E14	0.00223
2.57928E14	0.00228
2.58653E14	0.00277
2.59379E14	0.00247
2.60104E14	0.00246
2.6083E14	0.00251
2.61555E14	0.00245
2.6228E14	0.00244
2.63006E14	0.00254
2.63731E14	0.00248
2.64457E14	0.00258
2.65182E14	0.00228
2.65907E14	0.00217
2.66633E14	0.00236
2.67358E14	0.00286
2.68084E14	0.00275
2.68809E14	0.00262
2.69534E14	0.00276
2.7026E14	0.00257
2.70985E14	0.00243
2.71711E14	0.00267
2.72436E14	0.0028
2.73161E14	0.0025
2.73887E14	0.00261
2.74612E14	0.00253
2.75338E14	0.00229
2.76063E14	0.00217
2.76788E14	0.00223
2.77514E14	0.00219
2.78239E14	0.00225
2.78965E14	0.00244
2.7969E14	0.00259
2.80415E14	0.00231
2.81141E14	0.00219
2.81866E14	0.00241
2.82592E14	0.00269
2.83317E14	0.0027
2.84042E14	0.00216
2.84768E14	0.0025
2.85493E14	0.00211
2.86219E14	0.0021
2.86944E14	0.00216
2.87669E14	0.00189
2.88395E14	0.00209
2.8912E14	0.00234
2.89846E14	0.00227
2.90571E14	0.00203
2.91296E14	0.00224
2.92022E14	0.00216
2.92747E14	0.00211
2.93473E14	0.00219
2.94198E14	0.00191
2.94923E14	0.00186
2.95649E14	0.00167
2.96374E14	0.00177
2.971E14	0.00244
2.97825E14	0.00216
2.9855E14	0.00235
2.99276E14	0.00195
3.00001E14	0.00174
3.00727E14	0.00186
3.01452E14	0.00229
3.02177E14	0.0023
3.02903E14	0.00247
3.03628E14	0.00192
3.04354E14	0.00188
3.05079E14	0.00198
3.05804E14	0.00183
3.0653E14	0.00221
3.07255E14	0.00228
3.07981E14	0.0026
3.08706E14	0.00218
3.09431E14	0.00205
3.10157E14	0.0018
3.10882E14	0.00206
3.11608E14	0.00178
3.12333E14	0.00184
3.13058E14	0.00208
3.13784E14	0.00202
3.14509E14	0.00237
3.15235E14	0.0026
3.1596E14	0.00237
3.16685E14	0.00228
3.17411E14	0.00213
3.18136E14	0.00185
3.18862E14	0.00175
3.19587E14	0.00219
3.20312E14	0.00227
3.21038E14	0.00184
3.21763E14	0.00173
3.22489E14	0.00191
3.23214E14	0.00231
3.23939E14	0.00184
3.24665E14	0.00222
3.2539E14	0.00186
3.26116E14	0.00187
3.26841E14	0.00209
3.27566E14	0.00196
3.28292E14	0.00221
3.29017E14	0.00216
3.29743E14	0.00226
3.30468E14	0.00194
3.31193E14	0.00214
3.31919E14	0.00236
3.32644E14	0.00242
3.3337E14	0.00208
3.34095E14	0.00219
3.3482E14	0.00221
3.35546E14	0.00247
3.36271E14	0.00209
3.36997E14	0.00221
3.37722E14	0.00234
3.38447E14	0.00227
3.39173E14	0.00254
3.39898E14	0.0026
3.40624E14	0.00208
3.41349E14	0.0019
3.42074E14	0.00186
3.428E14	0.00203
3.43525E14	0.00238
3.44251E14	0.00265
3.44976E14	0.00246
3.45701E14	0.00198
3.46427E14	0.00188
3.47152E14	0.00218
3.47878E14	0.00254
3.48603E14	0.00222
3.49328E14	0.00234
3.50054E14	0.00251
3.50779E14	0.0027
3.51505E14	0.00192
3.5223E14	0.00239
3.52955E14	0.00238
3.53681E14	0.00213
3.54406E14	0.00228
3.55132E14	0.00243
3.55857E14	0.00217
3.56582E14	0.00212
3.57308E14	0.00206
3.58033E14	0.00222
3.58759E14	0.00248
3.59484E14	0.00227
3.60209E14	0.00222
3.60935E14	0.00291
3.6166E14	0.00269
3.62386E14	0.00273
3.63111E14	0.00248
3.63836E14	0.00236
3.64562E14	0.00198
3.65287E14	0.00217
3.66013E14	0.00285
3.66738E14	0.00159
3.67463E14	0.00253
3.68189E14	0.00247
3.68914E14	0.00234
3.6964E14	0.00238
3.70365E14	0.00318
3.7109E14	0.00232
3.71816E14	0.0026
3.72541E14	0.00243
3.73267E14	0.00273
3.73992E14	0.0029
3.74717E14	0.0028
3.75443E14	0.00252
3.76168E14	0.00264
3.76894E14	0.00204
3.77619E14	0.00296
3.78344E14	0.00284
3.7907E14	0.00283
3.79795E14	0.00262
3.80521E14	0.00262
3.81246E14	0.00273
3.81971E14	0.00313
3.82697E14	0.00309
3.83422E14	0.00311
3.84148E14	0.00334
3.84873E14	0.00377
3.85598E14	0.00365
3.86324E14	0.00341
3.87049E14	0.00375
3.87775E14	0.00359
3.885E14	0.00317
3.89225E14	0.00326
3.89951E14	0.00363
3.90676E14	0.00344
3.91402E14	0.00356
3.92127E14	0.00254
3.92852E14	0.00375
3.93578E14	0.00411
3.94303E14	0.00353
3.95029E14	0.00335
3.95754E14	0.00381
3.96479E14	0.00377
3.97205E14	0.0034
3.9793E14	0.00355
3.98656E14	0.00394
3.99381E14	0.00378
4.00106E14	0.00398
4.00832E14	0.00353
4.01557E14	0.00314
4.02283E14	0.00302
4.03008E14	0.00388
4.03733E14	0.00314
4.04459E14	0.00284
4.05184E14	0.00313
4.0591E14	0.00345
4.06635E14	0.00317
4.0736E14	0.00328
4.08086E14	0.00364
4.08811E14	0.00294
4.09537E14	0.00352
4.10262E14	0.00319
4.10987E14	0.00377
4.11713E14	0.00408
4.12438E14	0.00398
4.13164E14	0.00395
4.13889E14	0.00409
4.14614E14	0.0036
4.1534E14	0.00336
4.16065E14	0.00367
4.16791E14	0.00321
4.17516E14	0.00336
4.18241E14	0.00396
4.18967E14	0.00334
4.19692E14	0.00303
4.20418E14	0.00315
4.21143E14	0.00351
4.21868E14	0.00373
4.22594E14	0.00335
4.23319E14	0.0038
4.24045E14	0.00333
4.2477E14	0.00378
4.25495E14	0.00307
4.26221E14	0.00335
4.26946E14	0.00384
4.27672E14	0.00351
4.28397E14	0.00373
4.29122E14	0.00314
4.29848E14	0.00346
4.30573E14	0.00306
4.31299E14	0.00264
4.32024E14	0.00276
4.32749E14	0.00335
4.33475E14	0.0031
4.342E14	0.00306
4.34926E14	0.00277
4.35651E14	0.00264
4.36376E14	0.00297
4.37102E14	0.00311
4.37827E14	0.00298
4.38553E14	0.00274
4.39278E14	0.00254
4.40003E14	0.00246
4.40729E14	0.00225
4.41454E14	0.00243
4.4218E14	0.00244
4.42905E14	0.00254
4.4363E14	0.00243
4.44356E14	0.00239
4.45081E14	0.00243
4.45807E14	0.00273
4.46532E14	0.00336
4.47257E14	0.00308
4.47983E14	0.00276
4.48708E14	0.0024
4.49434E14	0.00236
4.50159E14	0.0022
4.50884E14	0.00225
4.5161E14	0.00222
4.52335E14	0.00246
4.53061E14	0.00206
4.53786E14	0.00253
4.54511E14	0.00216
4.55237E14	0.0024
4.55962E14	0.00261
4.56688E14	0.00232
4.57413E14	0.00238
4.58138E14	0.00237
4.58864E14	0.00254
4.59589E14	0.00271
4.60315E14	0.00192
4.6104E14	0.00166
4.61765E14	0.0017
4.62491E14	0.00207
4.63216E14	0.00203
4.63942E14	0.00204
4.64667E14	0.0025
4.65392E14	0.00228
4.66118E14	0.0024
4.66843E14	0.00209
4.67569E14	0.00238
4.68294E14	0.00226
4.69019E14	0.00208
4.69745E14	0.0019
4.7047E14	0.00185
4.71196E14	0.00194
4.71921E14	0.00158
4.72646E14	0.00184
4.73372E14	0.00208
4.74097E14	0.00165
4.74823E14	0.00178
4.75548E14	0.00172
4.76273E14	0.00204
4.76999E14	0.00202
4.77724E14	0.00199
4.7845E14	0.00211
4.79175E14	0.00186
4.799E14	0.00241
4.80626E14	0.00193
4.81351E14	0.00187
4.82077E14	0.00186
4.82802E14	0.00215
4.83527E14	0.00218
4.84253E14	0.00221
4.84978E14	0.00259
4.85704E14	0.00223
4.86429E14	0.00234
4.87154E14	0.00236
4.8788E14	0.00212
4.88605E14	0.00227
4.89331E14	0.00259
4.90056E14	0.00253
4.90781E14	0.00264
4.91507E14	0.00253
4.92232E14	0.00252
4.92958E14	0.00203
4.93683E14	0.00238
4.94408E14	0.00235
4.95134E14	0.00263
4.95859E14	0.00331
4.96585E14	0.00356
4.9731E14	0.00263
4.98035E14	0.00206
4.98761E14	0.00192
4.99486E14	0.00172
5.00212E14	0.00168
5.00937E14	0.00207
5.01662E14	0.0022
5.02388E14	0.00255
5.03113E14	0.0026
5.03839E14	0.00256
5.04564E14	0.00232
5.05289E14	0.00195
5.06015E14	0.0019
5.0674E14	0.0021
5.07466E14	0.0017
5.08191E14	0.00165
5.08916E14	0.00189
5.09642E14	0.00223
5.10367E14	0.0023
5.11093E14	0.00224
5.11818E14	0.00229
5.12543E14	0.00233
5.13269E14	0.00204
5.13994E14	0.00174
5.1472E14	0.00156
5.15445E14	0.00168
5.1617E14	0.0018
5.16896E14	0.00179
5.17621E14	0.00184
5.18347E14	0.00183
5.19072E14	0.00216
5.19797E14	0.00209
5.20523E14	0.00201
5.21248E14	0.00182
5.21974E14	0.00189
5.22699E14	0.00197
5.23424E14	0.00188
5.2415E14	0.00199
5.24875E14	0.00193
5.25601E14	0.00178
5.26326E14	0.00157
5.27051E14	0.00179
5.27777E14	0.00188
5.28502E14	0.00187
5.29228E14	0.00178
5.29953E14	0.00185
5.30678E14	0.00164
5.31404E14	0.00172
5.32129E14	0.00183
5.32855E14	0.00157
5.3358E14	0.00162
5.34305E14	0.00153
5.35031E14	0.00148
5.35756E14	0.00192
5.36482E14	0.00216
5.37207E14	0.00193
5.37932E14	0.00201
5.38658E14	0.00182
5.39383E14	0.00178
5.40109E14	0.00172
5.40834E14	0.00167
5.41559E14	0.00181
5.42285E14	0.00199
5.4301E14	0.00209
5.43736E14	0.00216
5.44461E14	0.00198
5.45186E14	0.00146
5.45912E14	0.0013
5.46637E14	0.00142
5.47363E14	0.00161
5.48088E14	0.00152
5.48813E14	0.0016
5.49539E14	0.00144
5.50264E14	0.0012
5.5099E14	0.00129
5.51715E14	0.00139
5.5244E14	0.00143
5.53166E14	0.00148
5.53891E14	0.00139
5.54617E14	0.00138
5.55342E14	0.00147
5.56067E14	0.0013
5.56793E14	0.00135
5.57518E14	0.00145
5.58244E14	0.00187
5.58969E14	0.00186
5.59694E14	0.00166
5.6042E14	0.00159
5.61145E14	0.00146
5.61871E14	0.00132
5.62596E14	0.00136
5.63321E14	0.00136
5.64047E14	0.00133
5.64772E14	0.00125
5.65498E14	0.00147
5.66223E14	0.00175
5.66948E14	0.00188
5.67674E14	0.00172
5.68399E14	0.00159
5.69125E14	0.00173
5.6985E14	0.0019
5.70575E14	0.00181
5.71301E14	0.00168
5.72026E14	0.00188
5.72752E14	0.00209
5.73477E14	0.00196
5.74202E14	0.00151
5.74928E14	0.00121
5.75653E14	0.00132
5.76379E14	0.00151
5.77104E14	0.00141
5.77829E14	0.00152
5.78555E14	0.00185
5.7928E14	0.00163
5.80006E14	0.00161
5.80731E14	0.00182
5.81456E14	0.00158
5.82182E14	0.00143
5.82907E14	0.00144
5.83633E14	0.00149
5.84358E14	0.00157
5.85083E14	0.0017
5.85809E14	0.00153
5.86534E14	0.00134
5.8726E14	0.00156
5.87985E14	0.00153
5.8871E14	0.00152
5.89436E14	0.00169
5.90161E14	0.00193
5.90887E14	0.00184
5.91612E14	0.0018
5.92337E14	0.00187
5.93063E14	0.00178
5.93788E14	0.00162
5.94514E14	0.00164
5.95239E14	0.00173
5.95964E14	0.00161
5.9669E14	0.00155
5.97415E14	0.00168
5.98141E14	0.00169
5.98866E14	0.00174
5.99591E14	0.00183
6.00317E14	0.00174
6.01042E14	0.00196
6.01768E14	0.00178
6.02493E14	0.00134
6.03218E14	0.00143
6.03944E14	0.00142
6.04669E14	0.00127
6.05395E14	0.00123
6.0612E14	0.00127
6.06845E14	0.0013
6.07571E14	0.001
6.08296E14	0.00106
6.09022E14	0.00116
6.09747E14	8.56376E-4
6.10472E14	0.00107
6.11198E14	0.00129
6.11923E14	0.00134
6.12649E14	0.00154
6.13374E14	0.00168
6.14099E14	0.00172
6.14825E14	0.00188
6.1555E14	0.00205
6.16276E14	0.00209
6.17001E14	0.00157
6.17726E14	0.00133
6.18452E14	0.00137
6.19177E14	0.00149
6.19903E14	0.0017
6.20628E14	0.00168
6.21353E14	0.00178
6.22079E14	0.00158
6.22804E14	0.00132
6.2353E14	0.00158
6.24255E14	0.00166
6.2498E14	0.00158
6.25706E14	0.00162
6.26431E14	0.00167
6.27157E14	0.00164
6.27882E14	0.0018
6.28607E14	0.00163
6.29333E14	0.00132
6.30058E14	0.00131
6.30784E14	0.00131
6.31509E14	0.00128
6.32234E14	0.00134
6.3296E14	0.00174
6.33685E14	0.00212
6.34411E14	0.00175
6.35136E14	0.00145
6.35861E14	0.00158
6.36587E14	0.00168
6.37312E14	0.00149
6.38038E14	0.00133
6.38763E14	0.00146
6.39488E14	0.00167
6.40214E14	0.00167
6.40939E14	0.00167
6.41665E14	0.00161
6.4239E14	0.00188
6.43115E14	0.00178
6.43841E14	0.00143
6.44566E14	0.00136
6.45292E14	0.0014
6.46017E14	0.00145
6.46742E14	0.00142
6.47468E14	0.00164
6.48193E14	0.00145
6.48919E14	0.00114
6.49644E14	0.00108
6.50369E14	0.00132
6.51095E14	0.00122
6.5182E14	0.00133
6.52546E14	0.00165
6.53271E14	0.00159
6.53996E14	0.00158
6.54722E14	0.00156
6.55447E14	0.00169
6.56173E14	0.0017
6.56898E14	0.00185
6.57623E14	0.00211
6.58349E14	0.00178
6.59074E14	0.00135
6.598E14	0.00142
6.60525E14	0.00114
6.6125E14	0.0015
6.61976E14	0.00159
6.62701E14	0.00153
6.63427E14	0.00158
6.64152E14	0.00174
6.64877E14	0.00146
6.65603E14	0.00156
6.66328E14	0.00165
6.67054E14	0.00177
6.67779E14	0.00162
6.68504E14	0.00155
6.6923E14	0.00149
6.69955E14	0.00123
6.70681E14	0.00135
6.71406E14	0.00131
6.72131E14	0.00152
6.72857E14	0.0018
6.73582E14	0.00174
6.74308E14	0.0016
6.75033E14	0.00139
6.75758E14	0.00135
6.76484E14	0.0015
6.77209E14	0.00175
6.77935E14	0.00145
6.7866E14	0.00166
6.79385E14	0.00162
6.80111E14	0.00177
6.80836E14	0.00182
6.81562E14	0.00185
6.82287E14	0.00176
6.83012E14	0.00125
6.83738E14	0.00115
6.84463E14	0.0012
6.85189E14	0.00144
6.85914E14	0.00108
6.86639E14	0.00116
6.87365E14	0.00115
6.8809E14	0.00152
6.88816E14	0.00153
6.89541E14	0.00156
6.90266E14	0.00145
6.90992E14	0.00162
6.91717E14	0.00148
6.92443E14	0.00153
6.93168E14	0.00133
6.93893E14	9.90805E-4
6.94619E14	0.00132
6.95344E14	0.00168
6.9607E14	0.00136
6.96795E14	0.00103
6.9752E14	0.00146
6.98246E14	0.00149
6.98971E14	0.00176
6.99697E14	0.00161
7.00422E14	0.00139
7.01147E14	9.37829E-4
7.01873E14	0.00136
7.02598E14	0.00125
7.03324E14	0.00158
7.04049E14	0.00146
7.04774E14	0.00147
7.055E14	0.00165
7.06225E14	0.00158
7.06951E14	0.00183
7.07676E14	0.00203
7.08401E14	0.00176
7.09127E14	0.00135
7.09852E14	0.00128
7.10578E14	0.00164
7.11303E14	0.00199
7.12028E14	0.00165
7.12754E14	0.0015
7.13479E14	0.00139
7.14205E14	0.0016
7.1493E14	0.00186
7.15655E14	0.00174
7.16381E14	0.00125
7.17106E14	0.00128
7.17832E14	0.00105
7.18557E14	0.00129
7.19282E14	0.00119
7.20008E14	0.00151
7.20733E14	0.00179
7.21459E14	0.00153
7.22184E14	0.00182
7.22909E14	0.00159
7.23635E14	0.00158
7.2436E14	0.00138
7.25086E14	0.00126
7.25811E14	0.00135
7.26536E14	0.00147
7.27262E14	0.00157
7.27987E14	0.00105
7.28713E14	0.00127
7.29438E14	0.0013
7.30163E14	0.00119
7.30889E14	0.00131
7.31614E14	0.00166
7.3234E14	0.00132
7.33065E14	0.00142
7.3379E14	0.00141
7.34516E14	0.00127
7.35241E14	0.00213
7.35967E14	0.00195
7.36692E14	0.00166
7.37417E14	0.00135
7.38143E14	0.00178
7.38868E14	0.00164
7.39594E14	0.00188
7.40319E14	0.00155
7.41044E14	0.00171
7.4177E14	0.00134
7.42495E14	0.00102
7.43221E14	0.00111
7.43946E14	0.00176
7.44671E14	0.00193
7.45397E14	0.00113
7.46122E14	0.00176
7.46848E14	0.00147
7.47573E14	0.00123
7.48298E14	0.00148
7.49024E14	0.00133
7.49749E14	0.0013
7.50475E14	0.00103
7.512E14	0.00143
7.51925E14	0.00165
7.52651E14	0.00157
7.53376E14	0.00202
7.54102E14	0.00182
7.54827E14	0.00211
7.55552E14	0.00164
7.56278E14	0.00147
7.57003E14	0.00114
7.57729E14	0.00128
7.58454E14	0.00142
7.59179E14	0.00159
7.59905E14	0.00205
7.6063E14	0.00179
7.61356E14	0.0014
7.62081E14	0.00105
7.62806E14	0.00124
7.63532E14	0.00109
7.64257E14	0.00177
7.64983E14	0.00183
7.65708E14	0.00115
7.66433E14	0.00117
7.67159E14	0.00172
7.67884E14	0.00173
7.6861E14	0.00172
7.69335E14	0.00181
7.7006E14	0.0018
7.70786E14	0.00116
7.71511E14	0.00107
7.72237E14	0.00115
7.72962E14	0.00137
7.73687E14	0.00129
7.74413E14	0.00171
7.75138E14	0.00164
7.75864E14	0.00121
7.76589E14	0.0017
7.77314E14	0.00195
7.7804E14	0.0016
7.78765E14	0.0011
7.79491E14	0.00128
7.80216E14	0.0016
7.80941E14	0.00163
7.81667E14	0.00138
7.82392E14	0.00169
7.83118E14	0.00133
7.83843E14	0.00117
7.84568E14	0.00127
7.85294E14	0.0014
7.86019E14	0.00128
7.86745E14	0.00153
7.8747E14	0.00134
7.88195E14	0.00159
7.88921E14	0.00185
7.89646E14	0.00142
7.90372E14	0.00159
7.91097E14	0.00172
7.91822E14	0.00135
7.92548E14	0.00191
7.93273E14	0.00184
7.93999E14	0.00142
7.94724E14	0.00183
7.95449E14	0.00198
7.96175E14	0.002
7.969E14	0.00121
7.97626E14	0.00178
7.98351E14	0.0015
7.99076E14	0.00155
7.99802E14	0.00155
8.00527E14	0.00157
8.01253E14	0.00181
8.01978E14	0.00173
8.02703E14	0.00135
8.03429E14	0.00168
8.04154E14	0.00195
8.0488E14	0.00153
8.05605E14	9.96796E-4
8.0633E14	0.0017
8.07056E14	0.00145
8.07781E14	9.27801E-4
8.08507E14	0.00139
8.09232E14	0.00174
8.09957E14	0.00131
8.10683E14	8.04526E-4
8.11408E14	0.00123
8.12134E14	0.00148
8.12859E14	9.97993E-4
8.13584E14	0.00107
8.1431E14	0.00127
8.15035E14	0.0018
8.15761E14	0.00156
8.16486E14	0.0014
8.17211E14	0.00129
8.17937E14	0.00188
8.18662E14	0.00118
8.19388E14	0.00156
8.20113E14	0.00137
8.20838E14	0.00183
8.21564E14	0.00172
8.22289E14	0.00136
8.23015E14	0.00144
8.2374E14	0.00164
8.24465E14	0.0018
8.25191E14	0.00125
8.25916E14	0.00126
8.26642E14	0.00133
8.27367E14	0.00117
8.28092E14	0.00168
8.28818E14	0.00153
8.29543E14	0.0015
8.30269E14	0.00154
8.30994E14	0.0018
8.31719E14	0.00232
8.32445E14	0.00169
8.3317E14	0.00162
8.33896E14	0.00193
8.34621E14	0.00153
8.35346E14	0.00164
8.36072E14	0.00204
8.36797E14	0.00188
8.37523E14	0.00165
8.38248E14	0.00185
8.38973E14	0.0014
8.39699E14	0.00143
8.40424E14	0.00164
8.4115E14	0.00161
8.41875E14	0.00149
8.426E14	9.28037E-4
8.43326E14	0.00131
8.44051E14	0.00122
8.44777E14	0.00158
8.45502E14	0.00137
8.46227E14	0.00187
8.46953E14	0.00174
8.47678E14	0.00236
8.48404E14	0.00194
8.49129E14	0.00153
8.49854E14	0.00138
8.5058E14	0.00128
8.51305E14	0.0011
8.52031E14	0.00119
8.52756E14	0.00123
8.53481E14	0.00155
8.54207E14	0.00198
8.54932E14	0.00203
8.55658E14	0.0013
8.56383E14	0.00156
8.57108E14	0.00124
8.57834E14	0.00134
8.58559E14	0.00174
8.59285E14	0.00176
8.6001E14	0.00172
8.60735E14	0.00148
8.61461E14	0.00147
8.62186E14	0.00167
8.62912E14	0.00176
8.63637E14	0.00202
8.64362E14	0.00167
8.65088E14	0.00156
8.65813E14	0.00125
8.66539E14	0.00113
8.67264E14	0.00158
8.67989E14	0.00176
8.68715E14	0.00118
8.6944E14	0.00124
8.70166E14	0.00136
8.70891E14	0.00175
8.71616E14	0.00139
8.72342E14	0.00178
8.73067E14	0.00182
8.73793E14	0.00182
8.74518E14	0.0015
8.75243E14	0.00119
8.75969E14	0.00113
8.76694E14	0.00131
8.7742E14	0.00164
8.78145E14	0.0019
8.7887E14	0.00159
8.79596E14	0.00105
8.80321E14	0.00145
8.81047E14	0.00139
8.81772E14	0.00141
8.82497E14	0.00165
8.83223E14	0.00143
8.83948E14	0.00139
8.84674E14	0.00169
8.85399E14	0.0015
8.86124E14	0.002
8.8685E14	0.00202
8.87575E14	0.00216
8.88301E14	0.00158
8.89026E14	0.00159
8.89751E14	0.00151
8.90477E14	0.00181
8.91202E14	0.00203
8.91928E14	0.00209
8.92653E14	0.00181
8.93378E14	0.00189
8.94104E14	0.00188
8.94829E14	0.00168
8.95555E14	0.00167
8.9628E14	0.00153
8.97005E14	0.00145
8.97731E14	0.00148
8.98456E14	0.00156
8.99182E14	0.00175
8.99907E14	0.00157
9.00632E14	0.00192
9.01358E14	0.00194
9.02083E14	0.00151
9.02809E14	0.00141
9.03534E14	0.00164
9.04259E14	0.00168
9.04985E14	0.00177
9.0571E14	0.00186
9.06436E14	0.00161
9.07161E14	0.00166
9.07886E14	0.00162
9.08612E14	0.00184
9.09337E14	0.0018
9.10063E14	0.00187
9.10788E14	0.0018
9.11513E14	0.00219
9.12239E14	0.00223
9.12964E14	0.00192
9.1369E14	0.00182
9.14415E14	0.00174
9.1514E14	0.00201
9.15866E14	0.0018
9.16591E14	0.00207
9.17317E14	0.00222
9.18042E14	0.00205
9.18767E14	0.00224
9.19493E14	0.00211
9.20218E14	0.00153
9.20944E14	0.00148
9.21669E14	0.00152
9.22394E14	0.00138
9.2312E14	0.00126
9.23845E14	0.00152
9.24571E14	0.00151
9.25296E14	0.0018
9.26021E14	0.00206
9.26747E14	0.00201
9.27472E14	0.00185
9.28198E14	0.00145
9.28923E14	0.0016
9.29648E14	0.00216
9.30374E14	0.00161
9.31099E14	0.00153
9.31825E14	0.00147
9.3255E14	0.00168
9.33275E14	0.00145
9.34001E14	0.0016
9.34726E14	0.00184
9.35452E14	0.00205
9.36177E14	0.00233
9.36902E14	0.00183
9.37628E14	0.00176
9.38353E14	0.00176
9.39079E14	0.00148
9.39804E14	0.00135
9.40529E14	0.00164
9.41255E14	0.0019
9.4198E14	0.00166
9.42706E14	0.00114
9.43431E14	0.00147
9.44156E14	0.00189
9.44882E14	0.00146
9.45607E14	0.00154
9.46333E14	0.00172
9.47058E14	0.00154
9.47783E14	0.00198
9.48509E14	0.00229
9.49234E14	0.00218
9.4996E14	0.00197
9.50685E14	0.00173
9.5141E14	0.00182
9.52136E14	0.0019
9.52861E14	0.00175
9.53587E14	0.00153
9.54312E14	0.00167
9.55037E14	0.00198
9.55763E14	0.00189
9.56488E14	0.00174
9.57214E14	0.00179
9.57939E14	0.0015
9.58664E14	0.00138
9.5939E14	0.00181
9.60115E14	0.00165
9.60841E14	0.00172
9.61566E14	0.00168
9.62291E14	0.00184
9.63017E14	0.00181
9.63742E14	0.00169
9.64468E14	0.00174
9.65193E14	0.00164
9.65918E14	0.00156
9.66644E14	0.00164
9.67369E14	0.00176
9.68095E14	0.00197
9.6882E14	0.00196
9.69545E14	0.00157
9.70271E14	0.00159
9.70996E14	0.00156
9.71722E14	0.0016
9.72447E14	0.00188
9.73172E14	0.00184
9.73898E14	0.00191
9.74623E14	0.00197
9.75349E14	0.00206
9.76074E14	0.00205
9.76799E14	0.00226
9.77525E14	0.00229
9.7825E14	0.00182
9.78976E14	0.00165
9.79701E14	0.00186
9.80426E14	0.00158
9.81152E14	0.00146
9.81877E14	0.00175
9.82603E14	0.00176
9.83328E14	0.00167
9.84053E14	0.00179
9.84779E14	0.00194
9.85504E14	0.00178
9.8623E14	0.00166
9.86955E14	0.00165
9.8768E14	0.00119
9.88406E14	0.00106
9.89131E14	0.00192
9.89857E14	0.00213
9.90582E14	0.0016
9.91307E14	0.00171
9.92033E14	0.00192
9.92758E14	0.00191
9.93484E14	0.00184
9.94209E14	0.0018
9.94934E14	0.00192
9.9566E14	0.00167
9.96385E14	0.00166
9.97111E14	0.00205
9.97836E14	0.00196
9.98561E14	0.00169
9.99287E14	0.00165
1.00001E15	0.00189
1.00074E15	0.002
1.00146E15	0.00189
1.00219E15	0.00193
1.00291E15	0.00165
1.00364E15	0.00143
1.00436E15	0.00112
1.00509E15	0.001
1.00582E15	0.00178
1.00654E15	0.00223
1.00727E15	0.00191
1.00799E15	0.00174
1.00872E15	0.00174
1.00944E15	0.00174
1.01017E15	0.00189
1.01089E15	0.00183
1.01162E15	0.00154
1.01234E15	0.00171
1.01307E15	0.00174
1.01379E15	0.00164
1.01452E15	0.00175
1.01525E15	0.00152
1.01597E15	0.00136
1.0167E15	0.00172
1.01742E15	0.00186
1.01815E15	0.00148
1.01887E15	0.00142
1.0196E15	0.00147
1.02032E15	0.0014
1.02105E15	0.00146
1.02177E15	0.00158
1.0225E15	0.0018
1.02323E15	0.00177
1.02395E15	0.00157
1.02468E15	0.00168
1.0254E15	0.0018
1.02613E15	0.00192
1.02685E15	0.0021
1.02758E15	0.00174
1.0283E15	0.00157
1.02903E15	0.00151
1.02975E15	0.00171
1.03048E15	0.00191
1.0312E15	0.00172
1.03193E15	0.00149
1.03266E15	0.00175
1.03338E15	0.00203
1.03411E15	0.00178
1.03483E15	0.00121
1.03556E15	0.00126
1.03628E15	0.00151
1.03701E15	0.00157
1.03773E15	0.00178
1.03846E15	0.00211
1.03918E15	0.00187
1.03991E15	0.00185
1.04063E15	0.00236
1.04136E15	0.00255
1.04209E15	0.00232
1.04281E15	0.00186
1.04354E15	0.0016
1.04426E15	0.00191
1.04499E15	0.00214
1.04571E15	0.00172
1.04644E15	0.00182
1.04716E15	0.00191
1.04789E15	0.00154
1.04861E15	0.00167
1.04934E15	0.00213
1.05006E15	0.00214
1.05079E15	0.00202
1.05152E15	0.00136
1.05224E15	0.00132
1.05297E15	0.0017
1.05369E15	0.00199
1.05442E15	0.00207
1.05514E15	0.00209
1.05587E15	0.00175
1.05659E15	0.0016
1.05732E15	0.00196
1.05804E15	0.00222
1.05877E15	0.00237
1.0595E15	0.00219
1.06022E15	0.00178
1.06095E15	0.00184
1.06167E15	0.00179
1.0624E15	0.00169
1.06312E15	0.00144
1.06385E15	0.00166
1.06457E15	0.00225
1.0653E15	0.00208
1.06602E15	0.00155
1.06675E15	0.00139
1.06747E15	0.0013
1.0682E15	0.00138
1.06893E15	0.00161
1.06965E15	0.00175
1.07038E15	0.00176
1.0711E15	0.00213
1.07183E15	0.00221
1.07255E15	0.00217
1.07328E15	0.00218
1.074E15	0.00199
1.07473E15	0.00185
1.07545E15	0.00195
1.07618E15	0.00212
1.0769E15	0.00232
1.07763E15	0.00229
1.07836E15	0.00206
1.07908E15	0.00181
1.07981E15	0.00166
1.08053E15	0.00217
1.08126E15	0.00215
1.08198E15	0.00177
1.08271E15	0.00172
1.08343E15	0.00174
1.08416E15	0.0017
1.08488E15	0.00194
1.08561E15	0.00196
1.08633E15	0.00215
1.08706E15	0.0025
1.08779E15	0.00193
1.08851E15	0.00203
1.08924E15	0.00201
1.08996E15	0.00186
1.09069E15	0.00168
1.09141E15	0.00218
1.09214E15	0.00201
1.09286E15	0.00191
1.09359E15	0.00196
1.09431E15	0.00185
1.09504E15	0.00146
1.09577E15	0.00171
1.09649E15	0.00181
1.09722E15	0.00184
1.09794E15	0.00139
1.09867E15	0.00166
1.09939E15	0.00167
1.10012E15	0.00199
1.10084E15	0.00195
1.10157E15	0.00182
1.10229E15	0.00154
1.10302E15	0.00136
1.10374E15	0.00161
1.10447E15	0.00167
1.1052E15	0.00174
1.10592E15	0.00199
1.10665E15	0.00208
1.10737E15	0.00249
1.1081E15	0.0019
1.10882E15	0.00192
1.10955E15	0.00174
1.11027E15	0.00179
1.111E15	0.00176
1.11172E15	0.00176
1.11245E15	0.00241
1.11317E15	0.00169
1.1139E15	0.00166
1.11463E15	0.00142
1.11535E15	0.00129
1.11608E15	0.0019
1.1168E15	0.00169
1.11753E15	0.00199
1.11825E15	0.002
1.11898E15	0.00171
1.1197E15	0.00168
1.12043E15	0.00221
1.12115E15	0.00194
1.12188E15	0.00152
1.1226E15	0.00171
1.12333E15	0.00173
1.12406E15	0.00208
1.12478E15	0.00223
1.12551E15	0.0021
1.12623E15	0.00191
1.12696E15	0.00149
1.12768E15	0.00174
1.12841E15	0.00174
1.12913E15	0.00155
1.12986E15	0.00181
1.13058E15	0.00173
1.13131E15	0.00199
1.13204E15	0.00198
1.13276E15	0.00242
1.13349E15	0.00231
1.13421E15	0.00211
1.13494E15	0.00197
1.13566E15	0.00257
1.13639E15	0.00251
1.13711E15	0.00252
1.13784E15	0.0018
1.13856E15	0.00195
1.13929E15	0.00193
1.14001E15	0.00133
1.14074E15	0.00195
1.14147E15	0.00227
1.14219E15	0.0018
1.14292E15	0.00143
1.14364E15	0.00139
1.14437E15	0.00117
1.14509E15	0.00189
1.14582E15	0.00147
1.14654E15	0.00132
1.14727E15	0.00234
1.14799E15	0.00291
1.14872E15	0.00233
1.14944E15	0.00232
1.15017E15	0.00303
1.1509E15	0.00305
1.15162E15	0.00187
1.15235E15	0.00216
1.15307E15	0.00209
1.1538E15	0.00234
1.15452E15	0.0022
1.15525E15	0.00212
1.15597E15	0.00183
1.1567E15	0.00151
1.15742E15	0.00153
1.15815E15	0.00156
1.15887E15	0.00217
1.1596E15	0.00202
1.16033E15	0.00188
1.16105E15	0.0021
1.16178E15	0.00204
1.1625E15	0.0016
1.16323E15	0.00236
1.16395E15	0.00331
1.16468E15	0.00236
1.1654E15	0.00184
1.16613E15	0.00167
1.16685E15	0.00237
1.16758E15	0.00266
1.16831E15	0.00184
1.16903E15	0.00209
1.16976E15	0.00201
1.17048E15	0.00213
1.17121E15	0.00191
1.17193E15	0.00207
1.17266E15	0.0019
1.17338E15	0.00189
1.17411E15	0.00251
1.17483E15	0.0017
1.17556E15	0.00208
1.17628E15	0.00218
1.17701E15	0.00164
1.17774E15	0.00213
1.17846E15	0.00246
1.17919E15	0.00241
1.17991E15	0.0026
1.18064E15	0.00209
1.18136E15	0.00199
1.18209E15	0.0016
1.18281E15	0.00171
1.18354E15	0.0019
1.18426E15	0.00208
1.18499E15	0.00265
1.18571E15	0.0016
1.18644E15	0.00248
1.18717E15	0.00222
1.18789E15	0.00233
1.18862E15	0.00269
1.18934E15	0.00198
1.19007E15	0.00246
1.19079E15	0.00242
1.19152E15	0.00163
1.19224E15	0.00184
1.19297E15	0.00253
1.19369E15	0.00205
1.19442E15	0.00174
1.19514E15	0.00162
1.19587E15	0.00236
1.1966E15	0.00189
1.19732E15	0.00181
1.19805E15	0.00166
1.19877E15	0.00207
1.1995E15	0.00132
1.20022E15	0.00196
1.20095E15	0.00212
1.20167E15	0.00164
1.2024E15	0.00214
1.20312E15	0.0022
1.20385E15	0.00207
1.20458E15	0.00187
1.2053E15	0.00189
1.20603E15	0.00214
1.20675E15	0.00184
1.20748E15	0.00149
1.2082E15	0.00144
1.20893E15	0.00168
1.20965E15	0.00149
1.21038E15	0.00207
1.2111E15	0.00193
1.21183E15	0.00192
1.21255E15	0.0016
1.21328E15	0.0022
1.21401E15	0.00225
1.21473E15	0.00203
1.21546E15	0.00226
1.21618E15	0.00209
1.21691E15	0.00232
1.21763E15	0.00194
1.21836E15	0.00178
1.21908E15	0.00214
1.21981E15	0.00232
1.22053E15	0.00187
1.22126E15	0.00198
1.22198E15	0.0023
1.22271E15	0.00177
1.22344E15	0.00226
1.22416E15	0.00231
1.22489E15	0.00259
1.22561E15	0.00217
1.22634E15	0.00234
1.22706E15	0.00204
1.22779E15	0.00197
1.22851E15	0.00149
1.22924E15	0.00173
1.22996E15	0.00176
1.23069E15	0.00228
1.23141E15	0.00159
1.23214E15	0.00187
1.23287E15	0.00236
1.23359E15	0.00141
1.23432E15	0.00192
1.23504E15	0.00286
1.23577E15	0.00245
1.23649E15	0.00243
1.23722E15	0.00234
1.23794E15	0.00178
1.23867E15	0.00239
1.23939E15	0.00258
1.24012E15	0.00257
1.24085E15	0.00201
1.24157E15	0.00223
1.2423E15	0.00143
1.24302E15	0.00188
1.24375E15	0.00154
1.24447E15	0.00251
1.2452E15	0.00231
1.24592E15	0.00238
1.24665E15	0.00202
1.24737E15	0.00177
1.2481E15	0.00268
1.24882E15	0.00318
1.24955E15	0.00212
1.25028E15	0.00218
1.251E15	0.00231
1.25173E15	0.00256
1.25245E15	0.0024
1.25318E15	0.00168
1.2539E15	0.00218
1.25463E15	0.0019
1.25535E15	0.00164
1.25608E15	0.00199
1.2568E15	0.00235
1.25753E15	0.00192
1.25825E15	0.00176
1.25898E15	0.00158
1.25971E15	0.00196
1.26043E15	0.0024
1.26116E15	0.00204
1.26188E15	0.00241
1.26261E15	0.00226
1.26333E15	0.00213
1.26406E15	0.00215
1.26478E15	0.00188
1.26551E15	0.00206
1.26623E15	0.00233
1.26696E15	0.00209
1.26768E15	0.00209
1.26841E15	0.00172
1.26914E15	0.00189
1.26986E15	0.00264
1.27059E15	0.00193
1.27131E15	0.00176
1.27204E15	0.00184
1.27276E15	0.00218
1.27349E15	0.00187
1.27421E15	0.00163
1.27494E15	0.00157
1.27566E15	0.00166
1.27639E15	0.00217
1.27712E15	0.00262
1.27784E15	0.00315
1.27857E15	0.00245
1.27929E15	0.00189
1.28002E15	0.00181
1.28074E15	0.0019
1.28147E15	0.00168
1.28219E15	0.00177
1.28292E15	0.00195
1.28364E15	0.00172
1.28437E15	0.00226
1.28509E15	0.00172
1.28582E15	0.0027
1.28655E15	0.00203
1.28727E15	0.0019
1.288E15	0.00255
1.28872E15	0.00215
1.28945E15	0.00268
1.29017E15	0.00283
1.2909E15	0.00235
1.29162E15	0.002
1.29235E15	0.00208
1.29307E15	0.00195
1.2938E15	0.002
1.29452E15	0.00196
1.29525E15	0.002
1.29598E15	0.00194
1.2967E15	0.00171
1.29743E15	0.00177
1.29815E15	0.00196
1.29888E15	0.00216
1.2996E15	0.00242
1.30033E15	0.00223
1.30105E15	0.00246
1.30178E15	0.00255
1.3025E15	0.00269
1.30323E15	0.00196
1.30395E15	0.00168
1.30468E15	0.00204
1.30541E15	0.0019
1.30613E15	0.00198
1.30686E15	0.00216
1.30758E15	0.00206
1.30831E15	0.0023
1.30903E15	0.00188
1.30976E15	0.00198
1.31048E15	0.00283
1.31121E15	0.00265
1.31193E15	0.00231
1.31266E15	0.00191
1.31339E15	0.00251
1.31411E15	0.00328
1.31484E15	0.00335
1.31556E15	0.00201
1.31629E15	0.00242
1.31701E15	0.00214
1.31774E15	0.00265
1.31846E15	0.00336
1.31919E15	0.00421
1.31991E15	0.00428
1.32064E15	0.00217
1.32136E15	0.00234
1.32209E15	0.00374
1.32282E15	0.00559
1.32354E15	0.00664
1.32427E15	0.00243
1.32499E15	0.00438
1.32572E15	0.00695
1.32644E15	0.00405
1.32717E15	0.00313
1.32789E15	0.00277
1.32862E15	0.00365
1.32934E15	0.00393
1.33007E15	0.00292
1.33079E15	0.00342
1.33152E15	0.00301
1.33225E15	0.00281
1.33297E15	0.00516
1.3337E15	0.00748
1.33442E15	0.0076
1.33515E15	0.003
1.33587E15	0.00433
1.3366E15	0.00709
1.33732E15	0.0086
1.33805E15	0.00717
1.33877E15	0.00514
1.3395E15	0.00766
1.34022E15	0.00574
1.34095E15	0.00616
1.34168E15	0.00816
1.3424E15	0.00768
1.34313E15	0.00406
1.34385E15	0.00488
1.34458E15	0.00599
1.3453E15	0.00581
1.34603E15	0.00677
1.34675E15	0.00538
1.34748E15	0.0045
1.3482E15	0.00498
1.34893E15	0.00551
1.34966E15	0.00464
1.35038E15	0.00289
1.35111E15	0.00255
1.35183E15	0.00197
1.35256E15	0.0024
1.35328E15	0.00222
1.35401E15	0.00206
1.35473E15	0.00206
1.35546E15	0.00219
1.35618E15	0.00251
1.35691E15	0.00268
1.35763E15	0.00267
1.35836E15	0.00204
1.35909E15	0.0022
1.35981E15	0.00262
1.36054E15	0.00235
1.36126E15	0.0024
1.36199E15	0.00295
1.36271E15	0.00323
1.36344E15	0.00294
1.36416E15	0.00211
1.36489E15	0.00222
1.36561E15	0.00274
1.36634E15	0.00259
1.36706E15	0.00202
1.36779E15	0.00205
1.36852E15	0.00239
1.36924E15	0.0021
1.36997E15	0.00153
1.37069E15	0.00186
1.37142E15	0.00259
1.37214E15	0.00228
1.37287E15	0.00211
1.37359E15	0.00187
1.37432E15	0.0016
1.37504E15	0.00154
1.37577E15	0.00142
1.37649E15	0.00235
1.37722E15	0.00282
1.37795E15	0.0025
1.37867E15	0.00241
1.3794E15	0.00257
1.38012E15	0.0021
1.38085E15	0.00131
1.38157E15	0.00224
1.3823E15	0.00271
1.38302E15	0.00211
1.38375E15	0.0021
1.38447E15	0.0023
1.3852E15	0.00231
1.38593E15	0.00254
1.38665E15	0.00244
1.38738E15	0.00224
1.3881E15	0.00201
1.38883E15	0.00212
1.38955E15	0.00233
1.39028E15	0.00203
1.391E15	0.00209
1.39173E15	0.00267
1.39245E15	0.00281
1.39318E15	0.0021
1.3939E15	0.00169
1.39463E15	0.00173
1.39536E15	0.00215
1.39608E15	0.00264
1.39681E15	0.00281
1.39753E15	0.00275
1.39826E15	0.00216
1.39898E15	0.00205
1.39971E15	0.00259
1.40043E15	0.0026
1.40116E15	0.00238
1.40188E15	0.00195
1.40261E15	0.002
1.40333E15	0.00228
1.40406E15	0.00199
1.40479E15	0.00193
1.40551E15	0.00224
1.40624E15	0.00221
1.40696E15	0.00201
1.40769E15	0.00241
1.40841E15	0.00272
1.40914E15	0.00233
1.40986E15	0.00244
1.41059E15	0.00276
1.41131E15	0.00251
1.41204E15	0.00249
1.41276E15	0.00255
1.41349E15	0.00219
1.41422E15	0.00216
1.41494E15	0.00187
1.41567E15	0.00157
1.41639E15	0.00204
1.41712E15	0.00248
1.41784E15	0.00262
1.41857E15	0.00287
1.41929E15	0.00296
1.42002E15	0.00253
1.42074E15	0.00204
1.42147E15	0.00196
1.4222E15	0.00255
1.42292E15	0.003
1.42365E15	0.00222
1.42437E15	0.00173
1.4251E15	0.00201
1.42582E15	0.0021
1.42655E15	0.00215
1.42727E15	0.00209
1.428E15	0.00201
1.42872E15	0.00212
1.42945E15	0.00222
1.43017E15	0.00223
1.4309E15	0.00252
1.43163E15	0.00231
1.43235E15	0.00183
1.43308E15	0.00215
1.4338E15	0.00217
1.43453E15	0.00185
1.43525E15	0.00211
1.43598E15	0.00228
1.4367E15	0.00177
1.43743E15	0.00169
1.43815E15	0.00197
1.43888E15	0.00227
1.4396E15	0.00204
1.44033E15	0.0019
1.44106E15	0.00226