Frequency (Hz)  Abs (abs)
-8.99085E14	5.24022E-5
-8.9836E14	2.95646E-6
-8.97634E14	-2.22166E-5
-8.96909E14	-5.23421E-5
-8.96183E14	-4.77245E-5
-8.95458E14	-4.28449E-5
-8.94733E14	-3.19131E-5
-8.94007E14	-2.32097E-6
-8.93282E14	-9.09576E-6
-8.92556E14	-4.20405E-5
-8.91831E14	-2.33348E-5
-8.91106E14	5.94418E-5
-8.9038E14	-2.46596E-5
-8.89655E14	-5.40336E-5
-8.88929E14	-4.77294E-5
-8.88204E14	-6.18872E-5
-8.87479E14	-4.96455E-5
-8.86753E14	-2.16694E-5
-8.86028E14	2.1703E-5
-8.85302E14	-1.20329E-5
-8.84577E14	3.90041E-5
-8.83852E14	4.44717E-5
-8.83126E14	4.76049E-5
-8.82401E14	1.52343E-5
-8.81675E14	-5.3893E-5
-8.8095E14	-5.83036E-5
-8.80225E14	-4.90121E-5
-8.79499E14	-1.06007E-5
-8.78774E14	-1.52418E-5
-8.78048E14	4.45361E-5
-8.77323E14	9.26745E-6
-8.76598E14	-8.48374E-6
-8.75872E14	-1.24354E-6
-8.75147E14	-4.16842E-5
-8.74421E14	-4.99079E-5
-8.73696E14	-5.62495E-6
-8.72971E14	3.0928E-5
-8.72245E14	-4.86165E-5
-8.7152E14	1.1949E-6
-8.70794E14	-1.08748E-5
-8.70069E14	9.95159E-5
-8.69344E14	-4.49828E-5
-8.68618E14	-1.44952E-5
-8.67893E14	-3.7219E-5
-8.67167E14	5.82307E-5
-8.66442E14	-1.94133E-5
-8.65717E14	-8.10241E-6
-8.64991E14	-1.96981E-5
-8.64266E14	1.24301E-4
-8.6354E14	3.89408E-5
-8.62815E14	1.46435E-5
-8.6209E14	1.40607E-4
-8.61364E14	-2.29198E-5
-8.60639E14	-6.27184E-5
-8.59913E14	-3.48102E-5
-8.59188E14	-2.42819E-5
-8.58463E14	-3.28066E-5
-8.57737E14	1.95515E-5
-8.57012E14	1.72315E-5
-8.56286E14	1.91772E-5
-8.55561E14	-4.03649E-5
-8.54836E14	-7.8249E-6
-8.5411E14	-6.10706E-6
-8.53385E14	1.80294E-6
-8.52659E14	5.19951E-5
-8.51934E14	3.55693E-5
-8.51209E14	4.315E-5
-8.50483E14	1.3075E-5
-8.49758E14	-3.29759E-5
-8.49032E14	-5.44709E-5
-8.48307E14	-5.77794E-5
-8.47582E14	1.57893E-6
-8.46856E14	1.21122E-5
-8.46131E14	1.56132E-5
-8.45405E14	-6.00685E-6
-8.4468E14	-4.47214E-5
-8.43955E14	-4.97843E-5
-8.43229E14	-6.73562E-6
-8.42504E14	-3.64262E-5
-8.41778E14	-5.89022E-6
-8.41053E14	-5.78588E-5
-8.40328E14	4.71388E-5
-8.39602E14	-1.69012E-5
-8.38877E14	-9.27934E-6
-8.38151E14	8.39428E-5
-8.37426E14	-2.43188E-5
-8.36701E14	3.88574E-5
-8.35975E14	-2.00784E-6
-8.3525E14	1.09086E-4
-8.34524E14	-1.40028E-5
-8.33799E14	3.58457E-5
-8.33074E14	-5.23411E-5
-8.32348E14	-5.40367E-5
-8.31623E14	8.08486E-5
-8.30897E14	-1.19789E-5
-8.30172E14	-1.575E-5
-8.29447E14	4.65178E-6
-8.28721E14	-1.17553E-5
-8.27996E14	-1.78452E-5
-8.2727E14	-3.29353E-5
-8.26545E14	-1.52996E-5
-8.2582E14	-3.84552E-5
-8.25094E14	2.106E-5
-8.24369E14	2.55765E-5
-8.23643E14	4.15829E-5
-8.22918E14	-2.59479E-5
-8.22193E14	-4.19124E-5
-8.21467E14	2.13897E-5
-8.20742E14	-5.66985E-6
-8.20016E14	2.71839E-5
-8.19291E14	8.13171E-5
-8.18566E14	1.62499E-5
-8.1784E14	2.07889E-6
-8.17115E14	-5.34582E-5
-8.16389E14	-3.62176E-6
-8.15664E14	5.40539E-5
-8.14939E14	6.50857E-6
-8.14213E14	-2.94417E-6
-8.13488E14	-1.18431E-5
-8.12762E14	-1.51237E-5
-8.12037E14	9.64551E-5
-8.11312E14	9.78823E-5
-8.10586E14	3.3789E-5
-8.09861E14	3.81348E-5
-8.09135E14	7.02325E-5
-8.0841E14	8.32934E-6
-8.07685E14	-1.42966E-5
-8.06959E14	-5.2368E-5
-8.06234E14	-5.82245E-5
-8.05508E14	-3.83209E-5
-8.04783E14	4.17508E-5
-8.04058E14	-5.49597E-5
-8.03332E14	-4.99232E-5
-8.02607E14	-1.46629E-5
-8.01881E14	-6.35173E-5
-8.01156E14	5.0432E-5
-8.00431E14	-4.77802E-5
-7.99705E14	-4.78771E-5
-7.9898E14	9.62132E-5
-7.98254E14	2.30765E-5
-7.97529E14	-6.59882E-5
-7.96804E14	-1.46988E-5
-7.96078E14	2.6192E-5
-7.95353E14	-2.92286E-5
-7.94627E14	-1.36134E-5
-7.93902E14	-2.37433E-5
-7.93177E14	1.01001E-4
-7.92451E14	8.84938E-5
-7.91726E14	-6.50545E-5
-7.91E14	7.08433E-6
-7.90275E14	1.18494E-4
-7.8955E14	-4.71613E-6
-7.88824E14	1.56696E-5
-7.88099E14	-2.29293E-5
-7.87373E14	-6.61995E-5
-7.86648E14	-1.36089E-5
-7.85923E14	-6.32147E-5
-7.85197E14	-6.88587E-5
-7.84472E14	-6.44132E-5
-7.83746E14	-6.10706E-5
-7.83021E14	-7.05559E-5
-7.82296E14	-7.6248E-5
-7.8157E14	1.21348E-5
-7.80845E14	1.293E-4
-7.80119E14	-1.68297E-6
-7.79394E14	7.67854E-5
-7.78669E14	1.71105E-4
-7.77943E14	1.08299E-4
-7.77218E14	-5.35875E-6
-7.76492E14	5.43218E-5
-7.75767E14	-1.39492E-5
-7.75042E14	3.16913E-5
-7.74316E14	-4.36333E-5
-7.73591E14	6.17713E-5
-7.72865E14	-4.48031E-5
-7.7214E14	-6.35357E-5
-7.71415E14	1.4583E-5
-7.70689E14	3.61454E-5
-7.69964E14	6.01304E-5
-7.69238E14	5.8164E-5
-7.68513E14	-1.86319E-5
-7.67788E14	-7.74396E-5
-7.67062E14	-8.36265E-5
-7.66337E14	-2.48714E-5
-7.65611E14	-3.87809E-5
-7.64886E14	2.12829E-5
-7.64161E14	1.88642E-5
-7.63435E14	4.95112E-5
-7.6271E14	1.03303E-5
-7.61984E14	8.682E-5
-7.61259E14	4.19003E-5
-7.60534E14	5.53783E-6
-7.59808E14	-1.73573E-5
-7.59083E14	-7.26923E-5
-7.58357E14	-6.26986E-5
-7.57632E14	2.53088E-5
-7.56907E14	5.28776E-5
-7.56181E14	-1.51913E-5
-7.55456E14	4.98323E-5
-7.5473E14	1.5042E-4
-7.54005E14	4.42689E-6
-7.5328E14	-6.72793E-5
-7.52554E14	-1.59761E-5
-7.51829E14	-7.23073E-5
-7.51103E14	-4.84738E-5
-7.50378E14	4.22669E-5
-7.49653E14	3.44899E-5
-7.48927E14	-4.76828E-5
-7.48202E14	2.49235E-5
-7.47476E14	-8.23392E-6
-7.46751E14	-3.06967E-5
-7.46026E14	-1.30246E-5
-7.453E14	-4.05518E-5
-7.44575E14	-3.98403E-5
-7.43849E14	2.21209E-7
-7.43124E14	9.13496E-5
-7.42399E14	4.69651E-5
-7.41673E14	6.31074E-5
-7.40948E14	-2.52915E-5
-7.40222E14	-4.57337E-6
-7.39497E14	-1.36707E-5
-7.38772E14	-3.09039E-5
-7.38046E14	-9.39126E-5
-7.37321E14	-2.13381E-5
-7.36595E14	7.1961E-5
-7.3587E14	-3.07761E-5
-7.35145E14	-5.36713E-5
-7.34419E14	-9.11063E-5
-7.33694E14	-4.28903E-5
-7.32968E14	3.49198E-5
-7.32243E14	1.50865E-5
-7.31518E14	-7.98772E-5
-7.30792E14	-7.18942E-5
-7.30067E14	-3.99999E-5
-7.29341E14	-1.99866E-5
-7.28616E14	8.82997E-5
-7.27891E14	-1.74298E-5
-7.27165E14	-7.78158E-5
-7.2644E14	-7.26073E-6
-7.25714E14	3.82936E-5
-7.24989E14	-2.42086E-5
-7.24264E14	-1.0923E-5
-7.23538E14	8.40401E-5
-7.22813E14	-8.15473E-5
-7.22087E14	5.9901E-5
-7.21362E14	1.02211E-4
-7.20637E14	1.14172E-4
-7.19911E14	8.0513E-5
-7.19186E14	-1.02401E-5
-7.1846E14	3.14485E-5
-7.17735E14	6.21435E-5
-7.1701E14	-2.19041E-5
-7.16284E14	-7.8664E-5
-7.15559E14	-6.75662E-5
-7.14833E14	-3.21817E-5
-7.14108E14	2.22005E-5
-7.13383E14	-8.03428E-5
-7.12657E14	-1.33278E-5
-7.11932E14	2.45871E-5
-7.11206E14	-7.89471E-5
-7.10481E14	-2.66253E-5
-7.09756E14	-1.91518E-5
-7.0903E14	1.06887E-4
-7.08305E14	1.89261E-7
-7.07579E14	-3.54816E-5
-7.06854E14	-3.12996E-5
-7.06129E14	2.71643E-5
-7.05403E14	-5.44075E-5
-7.04678E14	-3.49056E-5
-7.03952E14	-1.64884E-5
-7.03227E14	1.46884E-5
-7.02502E14	-5.59626E-5
-7.01776E14	3.84861E-5
-7.01051E14	9.41554E-5
-7.00325E14	3.24621E-5
-6.996E14	5.35693E-5
-6.98875E14	8.86455E-5
-6.98149E14	-1.04577E-5
-6.97424E14	4.57174E-5
-6.96698E14	-5.64461E-5
-6.95973E14	-3.38364E-5
-6.95248E14	2.33923E-5
-6.94522E14	1.94461E-5
-6.93797E14	3.11553E-5
-6.93071E14	-1.13483E-5
-6.92346E14	-4.76039E-5
-6.91621E14	-1.49107E-5
-6.90895E14	-3.57966E-6
-6.9017E14	-1.83581E-5
-6.89444E14	-1.72784E-5
-6.88719E14	1.94392E-5
-6.87994E14	-2.98052E-5
-6.87268E14	-4.65283E-5
-6.86543E14	-5.83984E-6
-6.85817E14	1.64465E-5
-6.85092E14	-4.26081E-5
-6.84367E14	-3.74042E-5
-6.83641E14	-1.60733E-5
-6.82916E14	1.61648E-4
-6.8219E14	-6.87445E-6
-6.81465E14	-4.96558E-6
-6.8074E14	4.06302E-5
-6.80014E14	1.05775E-4
-6.79289E14	5.38875E-5
-6.78563E14	4.34501E-5
-6.77838E14	3.34623E-5
-6.77113E14	-7.53412E-5
-6.76387E14	5.10846E-5
-6.75662E14	5.46718E-5
-6.74936E14	1.59031E-5
-6.74211E14	-8.73439E-5
-6.73486E14	-3.26005E-5
-6.7276E14	-2.01023E-6
-6.72035E14	5.36333E-5
-6.71309E14	-1.62173E-5
-6.70584E14	3.99454E-5
-6.69859E14	-4.86635E-5
-6.69133E14	-3.82679E-5
-6.68408E14	-5.41433E-5
-6.67682E14	4.70853E-5
-6.66957E14	6.92354E-5
-6.66232E14	8.76925E-5
-6.65506E14	6.18803E-5
-6.64781E14	-1.21854E-5
-6.64055E14	-2.00352E-5
-6.6333E14	3.86117E-5
-6.62605E14	8.15175E-5
-6.61879E14	-5.46808E-5
-6.61154E14	-4.64118E-5
-6.60428E14	-6.47205E-5
-6.59703E14	-5.55167E-5
-6.58978E14	-5.62094E-5
-6.58252E14	-5.045E-5
-6.57527E14	4.91192E-5
-6.56801E14	-4.07109E-5
-6.56076E14	-9.83926E-5
-6.55351E14	-6.9668E-5
-6.54625E14	-4.41255E-6
-6.539E14	8.15537E-7
-6.53174E14	-1.68023E-5
-6.52449E14	-6.45573E-5
-6.51724E14	-2.65153E-5
-6.50998E14	1.2581E-4
-6.50273E14	1.42271E-4
-6.49547E14	1.07984E-4
-6.48822E14	7.4057E-6
-6.48097E14	-3.14002E-5
-6.47371E14	-3.64223E-5
-6.46646E14	-7.54427E-5
-6.4592E14	3.18688E-7
-6.45195E14	2.8598E-4
-6.4447E14	3.6626E-5
-6.43744E14	-7.96243E-5
-6.43019E14	-2.72608E-5
-6.42293E14	3.52221E-5
-6.41568E14	-5.05122E-5
-6.40843E14	-4.88266E-6
-6.40117E14	2.5041E-5
-6.39392E14	8.9438E-5
-6.38666E14	1.47654E-4
-6.37941E14	9.02505E-5
-6.37216E14	1.55918E-4
-6.3649E14	-8.92739E-5
-6.35765E14	-6.30219E-5
-6.35039E14	-1.44091E-5
-6.34314E14	2.633E-5
-6.33589E14	-9.8476E-5
-6.32863E14	-6.48928E-5
-6.32138E14	-3.83654E-5
-6.31412E14	7.63658E-5
-6.30687E14	4.29039E-5
-6.29962E14	4.66814E-5
-6.29236E14	-5.84803E-5
-6.28511E14	8.73544E-6
-6.27785E14	-3.69277E-5
-6.2706E14	-1.07929E-4
-6.26335E14	-1.06462E-4
-6.25609E14	-4.9789E-5
-6.24884E14	6.80018E-5
-6.24158E14	-2.85585E-5
-6.23433E14	-3.73602E-5
-6.22708E14	1.56954E-5
-6.21982E14	4.79237E-5
-6.21257E14	-1.28853E-5
-6.20531E14	-5.36884E-6
-6.19806E14	3.60477E-6
-6.19081E14	-4.4779E-5
-6.18355E14	1.48711E-5
-6.1763E14	4.66643E-5
-6.16904E14	1.40588E-5
-6.16179E14	3.50638E-5
-6.15454E14	5.85765E-7
-6.14728E14	2.36262E-5
-6.14003E14	-4.72069E-6
-6.13277E14	3.97998E-5
-6.12552E14	-9.39025E-5
-6.11827E14	-8.71075E-5
-6.11101E14	-7.9345E-5
-6.10376E14	-1.0517E-4
-6.0965E14	-5.83481E-5
-6.08925E14	-1.92678E-5
-6.082E14	3.59629E-6
-6.07474E14	1.29323E-5
-6.06749E14	-1.93965E-5
-6.06023E14	-4.77105E-5
-6.05298E14	-6.55149E-5
-6.04573E14	4.8728E-5
-6.03847E14	5.1345E-5
-6.03122E14	8.05977E-6
-6.02396E14	-2.26429E-5
-6.01671E14	-2.64408E-5
-6.00946E14	-3.81018E-5
-6.0022E14	-3.81434E-5
-5.99495E14	6.67732E-5
-5.98769E14	9.19815E-5
-5.98044E14	1.58315E-4
-5.97319E14	4.1317E-5
-5.96593E14	-4.42966E-5
-5.95868E14	2.29858E-5
-5.95142E14	-1.11365E-4
-5.94417E14	-3.05322E-5
-5.93692E14	-1.41045E-5
-5.92966E14	2.44149E-5
-5.92241E14	1.95108E-4
-5.91515E14	3.04881E-5
-5.9079E14	-1.09909E-4
-5.90065E14	-2.49034E-5
-5.89339E14	1.15469E-5
-5.88614E14	-8.35335E-5
-5.87888E14	-7.28871E-5
-5.87163E14	-1.78865E-5
-5.86438E14	4.69003E-5
-5.85712E14	-5.12701E-5
-5.84987E14	-9.65669E-5
-5.84261E14	-2.01782E-5
-5.83536E14	1.51905E-4
-5.82811E14	-4.52426E-5
-5.82085E14	-7.25311E-5
-5.8136E14	-8.75032E-5
-5.80634E14	2.2395E-5
-5.79909E14	-2.6495E-5
-5.79184E14	1.96354E-4
-5.78458E14	2.21641E-4
-5.77733E14	2.64324E-4
-5.77007E14	1.36241E-4
-5.76282E14	2.62511E-6
-5.75557E14	-2.12027E-5
-5.74831E14	-1.07398E-4
-5.74106E14	-5.81117E-5
-5.7338E14	-2.86048E-5
-5.72655E14	-1.91845E-5
-5.7193E14	9.78683E-5
-5.71204E14	1.88958E-5
-5.70479E14	-8.09642E-5
-5.69753E14	9.7346E-5
-5.69028E14	1.68397E-4
-5.68303E14	7.11092E-5
-5.67577E14	-3.26701E-5
-5.66852E14	-5.04037E-5
-5.66126E14	-5.67078E-5
-5.65401E14	3.42095E-5
-5.64676E14	1.47206E-5
-5.6395E14	-7.36824E-5
-5.63225E14	1.50245E-4
-5.62499E14	2.88924E-4
-5.61774E14	3.68202E-5
-5.61049E14	1.56191E-4
-5.60323E14	1.79692E-4
-5.59598E14	1.40745E-4
-5.58872E14	-5.00394E-5
-5.58147E14	3.68023E-5
-5.57422E14	-1.78347E-5
-5.56696E14	2.32243E-5
-5.55971E14	-2.91453E-5
-5.55245E14	-2.2795E-5
-5.5452E14	-6.52927E-5
-5.53795E14	-7.19472E-6
-5.53069E14	-5.18856E-5
-5.52344E14	-9.4932E-5
-5.51618E14	-8.26751E-5
-5.50893E14	-9.22399E-5
-5.50168E14	4.1615E-5
-5.49442E14	-9.89523E-5
-5.48717E14	-5.80181E-6
-5.47991E14	-4.43595E-5
-5.47266E14	9.12687E-5
-5.46541E14	2.89104E-5
-5.45815E14	2.72929E-5
-5.4509E14	-5.79712E-5
-5.44364E14	1.03208E-4
-5.43639E14	3.41207E-5
-5.42914E14	9.1091E-5
-5.42188E14	7.12441E-5
-5.41463E14	5.28407E-6
-5.40737E14	3.19842E-5
-5.40012E14	-7.05322E-5
-5.39287E14	-8.89989E-5
-5.38561E14	6.88034E-5
-5.37836E14	-8.34251E-5
-5.3711E14	-3.06908E-5
-5.36385E14	-5.38863E-5
-5.3566E14	-7.73515E-5
-5.34934E14	1.16113E-4
-5.34209E14	3.01377E-5
-5.33483E14	1.95791E-5
-5.32758E14	5.84707E-5
-5.32033E14	-8.65716E-5
-5.31307E14	-2.35545E-5
-5.30582E14	-3.57693E-5
-5.29856E14	-4.71518E-5
-5.29131E14	-7.95273E-5
-5.28406E14	-1.009E-4
-5.2768E14	5.4171E-5
-5.26955E14	-3.74984E-5
-5.26229E14	-1.01144E-4
-5.25504E14	-9.10358E-5
-5.24779E14	-2.15733E-5
-5.24053E14	3.68299E-5
-5.23328E14	-6.49169E-5
-5.22602E14	-8.87481E-6
-5.21877E14	-1.99947E-5
-5.21152E14	-6.58686E-5
-5.20426E14	2.64168E-5
-5.19701E14	-5.68874E-5
-5.18975E14	-2.63614E-5
-5.1825E14	4.45943E-5
-5.17525E14	2.83154E-5
-5.16799E14	-4.60503E-5
-5.16074E14	-4.57924E-5
-5.15348E14	-5.93991E-5
-5.14623E14	-1.44038E-5
-5.13898E14	1.09671E-4
-5.13172E14	6.33205E-5
-5.12447E14	-5.57684E-6
-5.11721E14	-7.0983E-5
-5.10996E14	2.79816E-8
-5.10271E14	9.48299E-5
-5.09545E14	-2.10542E-5
-5.0882E14	6.9043E-5
-5.08094E14	-1.44963E-5
-5.07369E14	-1.0621E-4
-5.06644E14	7.15616E-5
-5.05918E14	1.36762E-5
-5.05193E14	-2.25301E-5
-5.04467E14	-9.15981E-6
-5.03742E14	-5.04166E-5
-5.03017E14	1.4562E-5
-5.02291E14	1.42697E-4
-5.01566E14	1.78879E-4
-5.0084E14	-3.48183E-5
-5.00115E14	-3.08465E-5
-4.9939E14	2.90273E-5
-4.98664E14	-7.68133E-5
-4.97939E14	-6.80473E-5
-4.97213E14	9.47309E-5
-4.96488E14	3.90201E-5
-4.95763E14	1.91885E-5
-4.95037E14	-1.29774E-4
-4.94312E14	-3.08006E-5
-4.93586E14	-1.07523E-4
-4.92861E14	-6.03755E-5
-4.92136E14	-5.63507E-5
-4.9141E14	3.66159E-5
-4.90685E14	5.63153E-5
-4.89959E14	-3.45664E-5
-4.89234E14	-2.84484E-5
-4.88509E14	-4.42739E-5
-4.87783E14	5.94807E-5
-4.87058E14	-5.15062E-5
-4.86332E14	-1.8938E-5
-4.85607E14	5.80434E-5
-4.84882E14	6.5021E-5
-4.84156E14	-3.54042E-5
-4.83431E14	-6.6586E-5
-4.82705E14	1.21522E-4
-4.8198E14	1.27249E-4
-4.81255E14	-3.05643E-5
-4.80529E14	-5.51548E-5
-4.79804E14	-7.86561E-5
-4.79078E14	-4.66042E-5
-4.78353E14	-6.30668E-5
-4.77628E14	-9.70837E-5
-4.76902E14	-8.63665E-5
-4.76177E14	-8.32808E-5
-4.75451E14	3.09186E-5
-4.74726E14	-5.47289E-5
-4.74001E14	4.54489E-5
-4.73275E14	3.22322E-5
-4.7255E14	-2.22861E-5
-4.71824E14	3.84061E-5
-4.71099E14	1.13107E-4
-4.70374E14	-5.27118E-5
-4.69648E14	-6.2076E-5
-4.68923E14	-3.05665E-5
-4.68197E14	5.60882E-5
-4.67472E14	-6.05843E-5
-4.66747E14	6.30916E-6
-4.66021E14	-5.44721E-5
-4.65296E14	-2.554E-5
-4.6457E14	4.51011E-5
-4.63845E14	-8.30628E-5
-4.6312E14	-3.72579E-7
-4.62394E14	2.74828E-5
-4.61669E14	8.28677E-5
-4.60943E14	9.79593E-5
-4.60218E14	6.0836E-5
-4.59493E14	8.17418E-5
-4.58767E14	-2.63926E-5
-4.58042E14	1.70468E-5
-4.57316E14	-8.73819E-5
-4.56591E14	-3.82584E-5
-4.55866E14	-1.14464E-4
-4.5514E14	-1.67014E-5
-4.54415E14	-5.33901E-5
-4.53689E14	2.93641E-5
-4.52964E14	4.47056E-5
-4.52239E14	2.30515E-5
-4.51513E14	-1.04289E-4
-4.50788E14	-1.08752E-4
-4.50062E14	7.89348E-5
-4.49337E14	2.69545E-5
-4.48612E14	-7.46135E-5
-4.47886E14	-1.35424E-4
-4.47161E14	-1.27146E-4
-4.46435E14	-6.90343E-5
-4.4571E14	-8.08031E-5
-4.44985E14	8.01176E-5
-4.44259E14	3.1054E-6
-4.43534E14	3.85021E-5
-4.42808E14	1.08637E-4
-4.42083E14	1.30414E-5
-4.41358E14	2.69633E-5
-4.40632E14	1.5693E-4
-4.39907E14	-1.0526E-6
-4.39181E14	-6.3156E-5
-4.38456E14	-1.71223E-4
-4.37731E14	1.26571E-5
-4.37005E14	-5.87967E-5
-4.3628E14	4.18826E-6
-4.35554E14	3.86985E-5
-4.34829E14	-1.27839E-4
-4.34104E14	1.39939E-5
-4.33378E14	-4.16338E-5
-4.32653E14	-1.10709E-4
-4.31927E14	-1.71711E-4
-4.31202E14	-8.2968E-5
-4.30477E14	-1.10653E-4
-4.29751E14	-1.76753E-4
-4.29026E14	-8.17878E-5
-4.283E14	1.50184E-5
-4.27575E14	7.42181E-6
-4.2685E14	-7.93463E-6
-4.26124E14	8.26445E-5
-4.25399E14	-8.11066E-5
-4.24673E14	-1.74749E-4
-4.23948E14	-1.06799E-4
-4.23223E14	8.3915E-5
-4.22497E14	7.60177E-5
-4.21772E14	-9.3331E-5
-4.21046E14	5.15575E-5
-4.20321E14	-5.29761E-5
-4.19596E14	-1.13729E-4
-4.1887E14	7.9875E-5
-4.18145E14	-5.02421E-5
-4.17419E14	9.48336E-5
-4.16694E14	5.98082E-5
-4.15969E14	8.65881E-5
-4.15243E14	-9.40879E-6
-4.14518E14	-2.22384E-5
-4.13792E14	-1.07565E-4
-4.13067E14	-6.5691E-5
-4.12342E14	1.16277E-5
-4.11616E14	4.18795E-5
-4.10891E14	2.83575E-6
-4.10165E14	-5.28029E-5
-4.0944E14	5.49521E-5
-4.08715E14	1.94066E-4
-4.07989E14	1.9308E-4
-4.07264E14	6.15479E-5
-4.06538E14	-2.33168E-5
-4.05813E14	1.17741E-5
-4.05088E14	1.97421E-4
-4.04362E14	3.33088E-5
-4.03637E14	1.67921E-4
-4.02911E14	-3.73207E-5
-4.02186E14	-6.40655E-5
-4.01461E14	-1.3647E-5
-4.00735E14	-2.65197E-5
-4.0001E14	-3.36118E-5
-3.99284E14	-1.88398E-5
-3.98559E14	1.29436E-4
-3.97834E14	-1.26273E-5
-3.97108E14	-5.19565E-5
-3.96383E14	-8.50982E-5
-3.95657E14	8.53225E-6
-3.94932E14	-1.24364E-4
-3.94207E14	-1.64694E-5
-3.93481E14	-9.92476E-6
-3.92756E14	-3.13127E-6
-3.9203E14	4.84826E-5
-3.91305E14	3.93969E-5
-3.9058E14	1.22787E-4
-3.89854E14	2.19629E-4
-3.89129E14	2.75387E-6
-3.88403E14	4.38506E-5
-3.87678E14	-5.59961E-5
-3.86953E14	3.03665E-4
-3.86227E14	5.31398E-5
-3.85502E14	5.92085E-5
-3.84776E14	1.432E-4
-3.84051E14	1.30026E-4
-3.83326E14	7.60001E-5
-3.826E14	1.79386E-5
-3.81875E14	5.91593E-5
-3.81149E14	3.31481E-5
-3.80424E14	8.35619E-5
-3.79699E14	-9.77217E-6
-3.78973E14	3.24927E-5
-3.78248E14	2.46444E-4
-3.77522E14	4.38826E-5
-3.76797E14	-7.43529E-5
-3.76072E14	-5.98737E-5
-3.75346E14	4.72316E-5
-3.74621E14	-8.44805E-5
-3.73895E14	-1.01025E-4
-3.7317E14	6.82292E-5
-3.72445E14	1.53364E-4
-3.71719E14	-5.64142E-5
-3.70994E14	-1.24808E-4
-3.70268E14	-1.67478E-4
-3.69543E14	-2.7891E-5
-3.68818E14	3.43951E-5
-3.68092E14	3.37343E-5
-3.67367E14	5.0027E-5
-3.66641E14	1.98411E-5
-3.65916E14	-8.58919E-5
-3.65191E14	-1.61942E-5
-3.64465E14	-6.49354E-5
-3.6374E14	-1.30265E-4
-3.63014E14	1.16624E-4
-3.62289E14	1.12668E-4
-3.61564E14	-6.67946E-5
-3.60838E14	-1.16523E-4
-3.60113E14	4.44136E-5
-3.59387E14	-7.29756E-5
-3.58662E14	-7.62568E-5
-3.57937E14	2.18551E-4
-3.57211E14	3.67414E-5
-3.56486E14	-7.84632E-5
-3.5576E14	1.59573E-4
-3.55035E14	1.01553E-4
-3.5431E14	-1.11713E-4
-3.53584E14	-8.93246E-5
-3.52859E14	-1.80485E-4
-3.52133E14	-1.41239E-4
-3.51408E14	-1.6426E-4
-3.50683E14	-2.64728E-5
-3.49957E14	-1.80338E-4
-3.49232E14	-7.93541E-5
-3.48506E14	-5.71398E-5
-3.47781E14	3.54181E-5
-3.47056E14	-1.67483E-5
-3.4633E14	-2.11573E-5
-3.45605E14	-3.37032E-5
-3.44879E14	-1.01905E-5
-3.44154E14	-7.26921E-6
-3.43429E14	1.33868E-4
-3.42703E14	2.10633E-5
-3.41978E14	-2.68391E-5
-3.41252E14	1.08746E-4
-3.40527E14	2.40534E-4
-3.39802E14	-2.36062E-5
-3.39076E14	-1.43214E-4
-3.38351E14	7.18148E-5
-3.37625E14	1.29637E-4
-3.369E14	1.92992E-6
-3.36175E14	-1.63705E-6
-3.35449E14	7.61806E-5
-3.34724E14	1.82026E-5
-3.33998E14	-1.31164E-4
-3.33273E14	9.3427E-5
-3.32548E14	9.45332E-5
-3.31822E14	1.38154E-4
-3.31097E14	1.15255E-4
-3.30371E14	1.20878E-4
-3.29646E14	6.02331E-5
-3.28921E14	-8.86629E-5
-3.28195E14	4.72571E-5
-3.2747E14	5.82634E-5
-3.26744E14	-7.1366E-5
-3.26019E14	-8.49343E-5
-3.25294E14	1.88784E-4
-3.24568E14	-1.52246E-5
-3.23843E14	-1.16046E-4
-3.23117E14	-1.28267E-4
-3.22392E14	-3.22253E-5
-3.21667E14	-5.68503E-5
-3.20941E14	-1.05959E-4
-3.20216E14	-2.23883E-5
-3.1949E14	-9.7226E-5
-3.18765E14	-2.46806E-5
-3.1804E14	-1.7325E-4
-3.17314E14	-9.64959E-5
-3.16589E14	3.30598E-5
-3.15863E14	2.89077E-5
-3.15138E14	1.96863E-5
-3.14413E14	-1.36931E-4
-3.13687E14	8.35317E-5
-3.12962E14	7.34674E-5
-3.12236E14	4.40182E-6
-3.11511E14	3.02849E-5
-3.10786E14	-6.36448E-5
-3.1006E14	1.76627E-4
-3.09335E14	1.32283E-4
-3.08609E14	6.0449E-5
-3.07884E14	1.63328E-4
-3.07159E14	1.44519E-4
-3.06433E14	-1.85563E-4
-3.05708E14	4.41856E-5
-3.04982E14	9.3732E-5
-3.04257E14	3.77639E-5
-3.03532E14	-1.49333E-5
-3.02806E14	-1.02945E-4
-3.02081E14	-1.01275E-4
-3.01355E14	-1.2693E-4
-3.0063E14	3.95565E-5
-2.99905E14	2.84461E-4
-2.99179E14	9.02879E-5
-2.98454E14	1.87061E-5
-2.97728E14	1.10044E-4
-2.97003E14	3.50815E-5
-2.96278E14	2.97802E-5
-2.95552E14	1.63495E-4
-2.94827E14	-2.04612E-5
-2.94101E14	9.29182E-5
-2.93376E14	1.72641E-5
-2.92651E14	-2.07739E-4
-2.91925E14	-2.36415E-4
-2.912E14	-2.85021E-5
-2.90474E14	5.68676E-5
-2.89749E14	1.03759E-4
-2.89024E14	1.07224E-4
-2.88298E14	1.02179E-4
-2.87573E14	2.35442E-4
-2.86847E14	-2.29678E-5
-2.86122E14	9.16685E-5
-2.85397E14	-9.24541E-5
-2.84671E14	-1.31381E-7
-2.83946E14	3.05174E-5
-2.8322E14	-4.87657E-5
-2.82495E14	9.31758E-5
-2.8177E14	-4.96718E-5
-2.81044E14	-1.24258E-4
-2.80319E14	6.76425E-6
-2.79593E14	1.05196E-4
-2.78868E14	-8.12651E-5
-2.78143E14	-8.48307E-5
-2.77417E14	7.47991E-5
-2.76692E14	-4.52727E-5
-2.75966E14	-3.96129E-5
-2.75241E14	-1.5392E-4
-2.74516E14	-4.30241E-5
-2.7379E14	1.4712E-5
-2.73065E14	-4.06936E-6
-2.72339E14	9.27435E-5
-2.71614E14	-1.03248E-4
-2.70889E14	1.95443E-5
-2.70163E14	-4.71315E-5
-2.69438E14	8.34985E-6
-2.68712E14	1.3965E-4
-2.67987E14	-3.17171E-5
-2.67262E14	-7.55644E-5
-2.66536E14	1.55083E-4
-2.65811E14	-1.6139E-5
-2.65085E14	6.91795E-5
-2.6436E14	-2.26121E-5
-2.63635E14	-2.05041E-4
-2.62909E14	-1.18698E-4
-2.62184E14	5.43641E-5
-2.61458E14	-1.02097E-4
-2.60733E14	8.75683E-5
-2.60008E14	7.50454E-5
-2.59282E14	1.1641E-5
-2.58557E14	-5.51084E-5
-2.57831E14	-1.75817E-4
-2.57106E14	1.55084E-5
-2.56381E14	3.46898E-5
-2.55655E14	-8.92944E-5
-2.5493E14	1.40533E-4
-2.54204E14	2.94399E-4
-2.53479E14	2.41492E-4
-2.52754E14	7.01164E-5
-2.52028E14	-8.03011E-5
-2.51303E14	-1.01494E-4
-2.50577E14	-4.97344E-5
-2.49852E14	-2.1935E-5
-2.49127E14	1.96175E-5
-2.48401E14	7.91432E-5
-2.47676E14	-5.60274E-5
-2.4695E14	-1.91605E-5
-2.46225E14	-1.84856E-4
-2.455E14	7.06439E-6
-2.44774E14	-3.84974E-5
-2.44049E14	-3.33427E-4
-2.43323E14	-1.65433E-4
-2.42598E14	-1.585E-4
-2.41873E14	1.11483E-5
-2.41147E14	1.31334E-4
-2.40422E14	6.94194E-5
-2.39696E14	2.00437E-4
-2.38971E14	1.52872E-4
-2.38246E14	2.76134E-5
-2.3752E14	-1.20745E-6
-2.36795E14	-1.79195E-4
-2.36069E14	-4.69174E-5
-2.35344E14	4.29089E-5
-2.34619E14	7.22158E-5
-2.33893E14	7.43109E-6
-2.33168E14	3.95588E-5
-2.32442E14	1.72588E-4
-2.31717E14	1.70046E-4
-2.30992E14	5.40623E-4
-2.30266E14	4.51234E-5
-2.29541E14	-2.31825E-4
-2.28815E14	-1.58721E-4
-2.2809E14	-1.92013E-4
-2.27365E14	-3.84441E-5
-2.26639E14	-6.58307E-5
-2.25914E14	1.02582E-4
-2.25188E14	-9.4338E-5
-2.24463E14	4.73232E-5
-2.23738E14	-1.34609E-5
-2.23012E14	9.90505E-5
-2.22287E14	1.25049E-4
-2.21561E14	3.12538E-5
-2.20836E14	5.394E-5
-2.20111E14	2.23464E-4
-2.19385E14	4.33455E-4
-2.1866E14	-1.25366E-5
-2.17934E14	-5.29161E-5
-2.17209E14	5.72075E-5
-2.16484E14	9.28363E-5
-2.15758E14	1.74178E-4
-2.15033E14	2.52218E-4
-2.14307E14	1.09602E-4
-2.13582E14	-3.94194E-5
-2.12857E14	2.58142E-4
-2.12131E14	8.97293E-5
-2.11406E14	2.02844E-4
-2.1068E14	1.05857E-4
-2.09955E14	2.0819E-4
-2.0923E14	9.42973E-5
-2.08504E14	1.06081E-4
-2.07779E14	-1.00362E-4
-2.07053E14	-1.0331E-4
-2.06328E14	-1.9754E-4
-2.05603E14	-1.11959E-4
-2.04877E14	2.28331E-4
-2.04152E14	1.18554E-4
-2.03426E14	2.2771E-4
-2.02701E14	3.79364E-4
-2.01976E14	3.05156E-4
-2.0125E14	1.52124E-4
-2.00525E14	5.50889E-5
-1.99799E14	-9.75998E-6
-1.99074E14	8.79384E-5
-1.98349E14	2.68066E-4
-1.97623E14	3.94006E-4
-1.96898E14	3.20832E-4
-1.96172E14	3.25695E-4
-1.95447E14	8.24007E-5
-1.94722E14	-1.00118E-5
-1.93996E14	-2.77127E-4
-1.93271E14	-3.59621E-4
-1.92545E14	7.75085E-5
-1.9182E14	3.16047E-5
-1.91095E14	4.21438E-5
-1.90369E14	-2.03905E-4
-1.89644E14	-2.15779E-4
-1.88918E14	2.74336E-4
-1.88193E14	-3.63567E-4
-1.87468E14	-1.38665E-4
-1.86742E14	-4.78645E-4
-1.86017E14	6.89179E-5
-1.85291E14	2.04616E-5
-1.84566E14	3.4099E-5
-1.83841E14	-1.19204E-4
-1.83115E14	2.74948E-5
-1.8239E14	9.66663E-5
-1.81664E14	1.28753E-5
-1.80939E14	-2.28257E-5
-1.80214E14	-3.61338E-4
-1.79488E14	-3.53128E-4
-1.78763E14	-9.62649E-5
-1.78037E14	-9.1218E-5
-1.77312E14	-3.16544E-6
-1.76587E14	1.46657E-4
-1.75861E14	-2.52724E-4
-1.75136E14	1.56445E-4
-1.7441E14	1.06677E-4
-1.73685E14	-1.17119E-4
-1.7296E14	-4.86128E-5
-1.72234E14	5.1644E-4
-1.71509E14	-1.66105E-4
-1.70783E14	-6.27417E-4
-1.70058E14	-2.53471E-4
-1.69333E14	2.22538E-4
-1.68607E14	1.51245E-5
-1.67882E14	8.34386E-5
-1.67156E14	-4.27375E-5
-1.66431E14	-6.24368E-5
-1.65706E14	-3.55926E-4
-1.6498E14	9.47221E-5
-1.64255E14	2.22162E-4
-1.63529E14	8.75638E-5
-1.62804E14	-7.89318E-5
-1.62079E14	-2.18835E-4
-1.61353E14	3.32656E-4
-1.60628E14	7.86563E-5
-1.59902E14	-1.48658E-4
-1.59177E14	-2.9259E-4
-1.58452E14	-2.32448E-4
-1.57726E14	-4.29155E-4
-1.57001E14	-5.68457E-4
-1.56275E14	-1.1342E-4
-1.5555E14	8.44725E-5
-1.54825E14	-3.90531E-4
-1.54099E14	1.69404E-4
-1.53374E14	1.25125E-4
-1.52648E14	-3.1074E-5
-1.51923E14	8.95716E-5
-1.51198E14	-1.39161E-5
-1.50472E14	-2.35884E-5
-1.49747E14	2.52965E-4
-1.49021E14	-7.46791E-6
-1.48296E14	-1.45452E-4
-1.47571E14	3.46437E-4
-1.46845E14	3.9886E-4
-1.4612E14	1.03685E-4
-1.45394E14	-3.427E-4
-1.44669E14	-6.20925E-5
-1.43944E14	-1.92609E-4
-1.43218E14	-1.05104E-4
-1.42493E14	-5.4601E-4
-1.41767E14	-3.27123E-4
-1.41042E14	-1.76056E-4
-1.40317E14	2.39496E-4
-1.39591E14	-3.90126E-4
-1.38866E14	-7.55148E-4
-1.3814E14	-5.6964E-4
-1.37415E14	-3.81506E-5
-1.3669E14	-4.98038E-5
-1.35964E14	1.37682E-4
-1.35239E14	9.12423E-5
-1.34513E14	8.03191E-5
-1.33788E14	-3.77836E-4
-1.33063E14	-7.42078E-4
-1.32337E14	-6.15483E-4
-1.31612E14	2.85359E-4
-1.30886E14	-2.38347E-5
-1.30161E14	-5.62222E-4
-1.29436E14	-7.88888E-4
-1.2871E14	-5.62305E-4
-1.27985E14	-4.74917E-4
-1.27259E14	-7.03267E-6
-1.26534E14	-3.92612E-4
-1.25809E14	-5.65697E-4
-1.25083E14	-2.1263E-4
-1.24358E14	-2.36071E-4
-1.23632E14	-5.51543E-5
-1.22907E14	1.22702E-4
-1.22182E14	-1.76962E-4
-1.21456E14	5.03388E-4
-1.20731E14	-7.08481E-5
-1.20005E14	-1.4174E-5
-1.1928E14	-3.5942E-4
-1.18555E14	-3.01668E-4
-1.17829E14	-8.68393E-5
-1.17104E14	3.28308E-4
-1.16378E14	-2.88049E-4
-1.15653E14	-4.99509E-5
-1.14928E14	2.05321E-4
-1.14202E14	3.82244E-4
-1.13477E14	-1.5217E-4
-1.12751E14	-4.94064E-4
-1.12026E14	-7.19564E-4
-1.11301E14	-1.53311E-4
-1.10575E14	-1.19516E-4
-1.0985E14	-8.03676E-4
-1.09124E14	7.47549E-5
-1.08399E14	-5.15837E-5
-1.07674E14	-1.10939E-4
-1.06948E14	1.70522E-4
-1.06223E14	-2.23585E-4
-1.05497E14	-5.38821E-4
-1.04772E14	2.17633E-4
-1.04047E14	-5.36263E-4
-1.03321E14	2.39863E-4
-1.02596E14	4.31724E-4
-1.0187E14	1.84868E-4
-1.01145E14	3.09572E-5
-1.0042E14	-3.56035E-6
-9.96941E13	3.57742E-5
-9.89687E13	5.69546E-4
-9.82433E13	5.05667E-4
-9.75179E13	5.14426E-4
-9.67925E13	7.87426E-5
-9.60671E13	3.28247E-5
-9.53417E13	6.92493E-4
-9.46163E13	4.55957E-4
-9.38909E13	6.74941E-4
-9.31655E13	6.85817E-4
-9.24401E13	2.01317E-4
-9.17147E13	-6.47923E-5
-9.09893E13	-1.25773E-4
-9.02639E13	-1.59969E-4
-8.95385E13	2.15654E-4
-8.88131E13	1.63585E-4
-8.80877E13	1.29296E-4
-8.73623E13	-3.65277E-4
-8.66369E13	1.30229E-4
-8.59115E13	-1.78113E-4
-8.51861E13	-8.48218E-5
-8.44607E13	-3.19792E-4
-8.37353E13	9.84879E-5
-8.30099E13	-4.86108E-4
-8.22845E13	-0.00121
-8.15591E13	-5.09693E-4
-8.08337E13	-8.22808E-4
-8.01083E13	-4.7717E-4
-7.93829E13	-6.20124E-4
-7.86575E13	-4.85079E-4
-7.79321E13	-4.96878E-4
-7.72067E13	3.03802E-4
-7.64813E13	7.36148E-4
-7.57559E13	5.3922E-4
-7.50305E13	5.26759E-5
-7.43051E13	9.11632E-4
-7.35797E13	2.39587E-4
-7.28543E13	1.85688E-4
-7.21289E13	5.19468E-4
-7.14035E13	-7.27232E-4
-7.06781E13	-2.94605E-5
-6.99527E13	5.19709E-4
-6.92273E13	-1.68451E-4
-6.85019E13	-4.41896E-4
-6.77765E13	3.2041E-4
-6.70511E13	-2.84581E-4
-6.63257E13	-3.49613E-4
-6.56003E13	-0.00117
-6.48749E13	-8.11924E-4
-6.41495E13	-0.00101
-6.34241E13	-4.00325E-4
-6.26987E13	-2.8003E-4
-6.19733E13	1.74285E-4
-6.12479E13	3.17489E-4
-6.05225E13	-1.26711E-4
-5.97971E13	7.91414E-4
-5.90717E13	-2.43192E-5
-5.83463E13	7.57478E-5
-5.76209E13	4.20936E-4
-5.68955E13	-3.85086E-4
-5.61701E13	-7.47953E-4
-5.54447E13	3.68178E-4
-5.47193E13	0.0011
-5.39939E13	0.00127
-5.32685E13	6.68549E-4
-5.25431E13	-7.47825E-5
-5.18177E13	1.45082E-4
-5.10923E13	-8.1024E-4
-5.03669E13	8.10066E-4
-4.96415E13	8.25706E-4
-4.89161E13	-0.00159
-4.81907E13	-5.63957E-5
-4.74653E13	9.26411E-5
-4.67399E13	5.54376E-4
-4.60145E13	8.5974E-4
-4.52891E13	-3.4375E-4
-4.45637E13	-5.37671E-4
-4.38383E13	-6.64305E-4
-4.31129E13	-0.00142
-4.23875E13	-8.75055E-4
-4.16621E13	-1.97926E-4
-4.09367E13	7.54529E-4
-4.02113E13	-8.52854E-4
-3.94859E13	6.60048E-4
-3.87605E13	0.00223
-3.80351E13	-0.00251
-3.73097E13	1.4617E-4
-3.65843E13	4.09944E-5
-3.58589E13	-0.00168
-3.51335E13	0.00111
-3.44081E13	0.00138
-3.36827E13	-0.00112
-3.29573E13	-0.00136
-3.22319E13	-0.00152
-3.15065E13	-0.00215
-3.07811E13	-0.00255
-3.00557E13	-0.00183
-2.93303E13	-0.00146
-2.86049E13	7.58969E-4
-2.78795E13	-0.00235
-2.71541E13	-0.00386
-2.64287E13	-0.00221
-2.57033E13	-1.05853E-5
-2.49779E13	-6.97934E-4
-2.42525E13	1.0723E-4
-2.35271E13	0.00206
-2.28017E13	-0.00227
-2.20763E13	0.00172
-2.13509E13	2.6669E-4
-2.06255E13	-0.00559
-1.99001E13	-8.34459E-4
-1.91747E13	-0.00516
-1.84493E13	7.39999E-5
-1.77239E13	-0.004
-1.69985E13	-0.00551
-1.62731E13	-0.01344
-1.55477E13	-0.00554
-1.48223E13	-0.00596
-1.40969E13	0.00635
-1.33715E13	-8.67872E-4
-1.26461E13	-0.01271
-1.19207E13	-0.0026
-1.11953E13	-0.00642
-1.04699E13	-0.03192
-9.74454E12	-0.04094
-9.01914E12	-0.02943
-8.29374E12	-0.0292
-7.56834E12	-0.09379
-6.84294E12	-0.08184
-6.11754E12	-0.10308
-5.39214E12	-0.1169
-4.66674E12	-0.11567
-3.94134E12	-0.13274
-3.21594E12	-0.08275
-2.49054E12	-0.16177
-1.76514E12	-0.18494
-1.03974E12	-0.17099
-3.1434E11	-0.13222
4.1106E11	-0.13425
1.13646E12	-0.14953
1.86186E12	-0.08861
2.58726E12	-0.14167
3.31266E12	-0.1366
4.03806E12	-0.08664
4.76346E12	-0.1437
5.48886E12	-0.11251
6.21426E12	-0.09455
6.93966E12	-0.10165
7.66506E12	-0.06187
8.39046E12	-0.03238
9.11586E12	-0.02734
9.84126E12	-0.03833
1.05667E13	-0.04537
1.12921E13	-0.01809
1.20175E13	-0.01642
1.27429E13	-0.01127
1.34683E13	-0.01716
1.41937E13	-0.00552
1.49191E13	0.00105
1.56445E13	-0.00104
1.63699E13	-0.01058
1.70953E13	0.00191
1.78207E13	0.00626
1.85461E13	-0.0041
1.92715E13	-0.01331
1.99969E13	-0.00537
2.07223E13	-0.00392
2.14477E13	-0.01021
2.21731E13	-0.01802
2.28985E13	-0.01623
2.36239E13	-0.01295
2.43493E13	-0.01089
2.50747E13	-0.00941
2.58001E13	-0.01492
2.65255E13	-0.01565
2.72509E13	-0.01514
2.79763E13	-0.01516
2.87017E13	-0.01864
2.94271E13	-0.01154
3.01525E13	-0.01029
3.08779E13	-0.01397
3.16033E13	-0.01398
3.23287E13	-0.01275
3.30541E13	-0.01171
3.37795E13	-0.0093
3.45049E13	-0.00937
3.52303E13	-0.01021
3.59557E13	-0.01122
3.66811E13	-0.01096
3.74065E13	-0.00766
3.81319E13	-0.00845
3.88573E13	-0.00704
3.95827E13	-0.00536
4.03081E13	-0.00323
4.10335E13	-0.0064
4.17589E13	-0.0045
4.24843E13	-0.00496
4.32097E13	-0.00323
4.39351E13	-0.0018
4.46605E13	-0.00282
4.53859E13	-0.00317
4.61113E13	-0.00128
4.68367E13	-0.00255
4.75621E13	0.00153
4.82875E13	0.00127
4.90129E13	0.00153
4.97383E13	0.00299
5.04637E13	0.00289
5.11891E13	0.00448
5.19145E13	0.00387
5.26399E13	0.00533
5.33653E13	0.00568
5.40907E13	0.00831
5.48161E13	0.00798
5.55415E13	0.00927
5.62669E13	0.01122
5.69923E13	0.01415
5.77177E13	0.0144
5.84431E13	0.01675
5.91685E13	0.02004
5.98939E13	0.02258
6.06193E13	0.02373
6.13447E13	0.02677
6.20701E13	0.02943
6.27955E13	0.03097
6.35209E13	0.03299
6.42463E13	0.03648
6.49717E13	0.03846
6.56971E13	0.03833
6.64225E13	0.04099
6.71479E13	0.04269
6.78733E13	0.04361
6.85987E13	0.04827
6.93241E13	0.04672
7.00495E13	0.04816
7.07749E13	0.04782
7.15003E13	0.04609
7.22257E13	0.04681
7.29511E13	0.0443
7.36765E13	0.04413
7.44019E13	0.04301
7.51273E13	0.03829
7.58527E13	0.03759
7.65781E13	0.03721
7.73035E13	0.03303
7.80289E13	0.03106
7.87543E13	0.02609
7.94797E13	0.02487
8.02051E13	0.02345
8.09305E13	0.02249
8.16559E13	0.0211
8.23813E13	0.01884
8.31067E13	0.01743
8.38321E13	0.016
8.45575E13	0.01419
8.52829E13	0.01428
8.60083E13	0.01252
8.67337E13	0.01139
8.74591E13	0.01066
8.81845E13	0.01088
8.89099E13	0.00906
8.96353E13	0.00791
9.03607E13	0.00772
9.10861E13	0.00789
9.18115E13	0.00637
9.25369E13	0.00562
9.32623E13	0.006
9.39877E13	0.00617
9.47131E13	0.00464
9.54385E13	0.00503
9.61639E13	0.00566
9.68893E13	0.00504
9.76147E13	0.00482
9.83401E13	0.00474
9.90655E13	0.00429
9.97909E13	0.0049
1.00516E14	0.00285
1.01242E14	0.00302
1.01967E14	0.00348
1.02692E14	0.00457
1.03418E14	0.00476
1.04143E14	0.00438
1.04869E14	0.00424
1.05594E14	0.0054
1.06319E14	0.00435
1.07045E14	0.00452
1.0777E14	0.00494
1.08496E14	0.00306
1.09221E14	0.00412
1.09946E14	0.00372
1.10672E14	0.00312
1.11397E14	0.00386
1.12123E14	0.00523
1.12848E14	0.00521
1.13573E14	0.00434
1.14299E14	0.00458
1.15024E14	0.00383
1.1575E14	0.00496
1.16475E14	0.00399
1.172E14	0.00518
1.17926E14	0.00616
1.18651E14	0.00667
1.19377E14	0.00661
1.20102E14	0.00657
1.20827E14	0.00771
1.21553E14	0.00872
1.22278E14	0.00928
1.23004E14	0.009
1.23729E14	0.00996
1.24454E14	0.01115
1.2518E14	0.0117
1.25905E14	0.01197
1.26631E14	0.01371
1.27356E14	0.01397
1.28081E14	0.01531
1.28807E14	0.01516
1.29532E14	0.01503
1.30258E14	0.01611
1.30983E14	0.01744
1.31708E14	0.01929
1.32434E14	0.01852
1.33159E14	0.01624
1.33885E14	0.01783
1.3461E14	0.01685
1.35335E14	0.01506
1.36061E14	0.01659
1.36786E14	0.01519
1.37512E14	0.01423
1.38237E14	0.01372
1.38962E14	0.01382
1.39688E14	0.01233
1.40413E14	0.00992
1.41139E14	0.0107
1.41864E14	0.00891
1.42589E14	0.00926
1.43315E14	0.00932
1.4404E14	0.00687
1.44766E14	0.00671
1.45491E14	0.00542
1.46216E14	0.00612
1.46942E14	0.00553
1.47667E14	0.00588
1.48393E14	0.00494
1.49118E14	0.00409
1.49843E14	0.00361
1.50569E14	0.00368
1.51294E14	0.00429
1.5202E14	0.00392
1.52745E14	0.00401
1.5347E14	0.00301
1.54196E14	0.0032
1.54921E14	0.00324
1.55647E14	0.00307
1.56372E14	0.00389
1.57097E14	0.00361
1.57823E14	0.00392
1.58548E14	0.00295
1.59274E14	0.0036
1.59999E14	0.00331
1.60724E14	0.00306
1.6145E14	0.00319
1.62175E14	0.00308
1.62901E14	0.00278
1.63626E14	0.00224
1.64351E14	0.00254
1.65077E14	0.00257
1.65802E14	0.00266
1.66528E14	0.00352
1.67253E14	0.00236
1.67978E14	0.00324
1.68704E14	0.00282
1.69429E14	0.00278
1.70155E14	0.00336
1.7088E14	0.00295
1.71605E14	0.00365
1.72331E14	0.00335
1.73056E14	0.00422
1.73782E14	0.00411
1.74507E14	0.00354
1.75232E14	0.00397
1.75958E14	0.00313
1.76683E14	0.00424
1.77409E14	0.00532
1.78134E14	0.0056
1.78859E14	0.00603
1.79585E14	0.00654
1.8031E14	0.00651
1.81036E14	0.00639
1.81761E14	0.00601
1.82486E14	0.00606
1.83212E14	0.00666
1.83937E14	0.00732
1.84663E14	0.00836
1.85388E14	0.00808
1.86113E14	0.00809
1.86839E14	0.00802
1.87564E14	0.00794
1.8829E14	0.00776
1.89015E14	0.00712
1.8974E14	0.00737
1.90466E14	0.0076
1.91191E14	0.00609
1.91917E14	0.0057
1.92642E14	0.00575
1.93367E14	0.00467
1.94093E14	0.0053
1.94818E14	0.00563
1.95544E14	0.00459
1.96269E14	0.00382
1.96994E14	0.00392
1.9772E14	0.00428
1.98445E14	0.00392
1.99171E14	0.00346
1.99896E14	0.0029
2.00621E14	0.00279
2.01347E14	0.00295
2.02072E14	0.00314
2.02798E14	0.00298
2.03523E14	0.0034
2.04248E14	0.00342
2.04974E14	0.00271
2.05699E14	0.00314
2.06425E14	0.00311
2.0715E14	0.00241
2.07875E14	0.00273
2.08601E14	0.00198
2.09326E14	0.00256
2.10052E14	0.00199
2.10777E14	0.00221
2.11502E14	0.00258
2.12228E14	0.00251
2.12953E14	0.00186
2.13679E14	0.00257
2.14404E14	0.00246
2.15129E14	0.00279
2.15855E14	0.00269
2.1658E14	0.00214
2.17306E14	0.00193
2.18031E14	0.00214
2.18756E14	0.00227
2.19482E14	0.00264
2.20207E14	0.00315
2.20933E14	0.00268
2.21658E14	0.00264
2.22383E14	0.00354
2.23109E14	0.00404
2.23834E14	0.00348
2.2456E14	0.003
2.25285E14	0.00229
2.2601E14	0.00357
2.26736E14	0.00435
2.27461E14	0.00479
2.28187E14	0.00391
2.28912E14	0.00371
2.29637E14	0.00376
2.30363E14	0.00352
2.31088E14	0.00407
2.31814E14	0.00472
2.32539E14	0.00373
2.33264E14	0.00336
2.3399E14	0.00367
2.34715E14	0.00304
2.35441E14	0.00341
2.36166E14	0.00351
2.36891E14	0.00405
2.37617E14	0.00419
2.38342E14	0.00362
2.39068E14	0.00343
2.39793E14	0.00339
2.40518E14	0.00328
2.41244E14	0.00305
2.41969E14	0.00257
2.42695E14	0.00372
2.4342E14	0.0027
2.44145E14	0.00204
2.44871E14	0.00306
2.45596E14	0.0026
2.46322E14	0.00144
2.47047E14	0.00197
2.47772E14	0.00183
2.48498E14	0.00193
2.49223E14	0.00148
2.49949E14	0.00188
2.50674E14	0.00183
2.51399E14	0.0021
2.52125E14	0.00183
2.5285E14	0.00237
2.53576E14	0.00196
2.54301E14	0.00204
2.55026E14	0.00214
2.55752E14	0.00209
2.56477E14	0.00173
2.57203E14	0.00158
2.57928E14	0.00151
2.58653E14	0.00202
2.59379E14	0.00216
2.60104E14	0.00184
2.6083E14	0.00188
2.61555E14	0.00179
2.6228E14	0.00193
2.63006E14	0.00258
2.63731E14	0.00274
2.64457E14	0.00208
2.65182E14	0.0022
2.65907E14	0.00227
2.66633E14	0.00211
2.67358E14	0.00203
2.68084E14	0.00238
2.68809E14	0.00285
2.69534E14	0.00313
2.7026E14	0.00296
2.70985E14	0.0026
2.71711E14	0.00209
2.72436E14	0.00223
2.73161E14	0.00221
2.73887E14	0.00234
2.74612E14	0.0019
2.75338E14	0.00173
2.76063E14	0.00244
2.76788E14	0.00189
2.77514E14	0.00186
2.78239E14	0.00189
2.78965E14	0.00202
2.7969E14	0.00163
2.80415E14	0.00139
2.81141E14	0.00184
2.81866E14	0.00174
2.82592E14	0.00183
2.83317E14	0.00177
2.84042E14	0.0021
2.84768E14	0.00225
2.85493E14	0.00184
2.86219E14	0.0018
2.86944E14	0.00173
2.87669E14	0.00187
2.88395E14	0.00183
2.8912E14	0.00142
2.89846E14	0.00139
2.90571E14	0.00174
2.91296E14	0.00161
2.92022E14	0.00185
2.92747E14	0.00144
2.93473E14	0.00183
2.94198E14	0.00192
2.94923E14	0.00163
2.95649E14	0.00107
2.96374E14	0.00143
2.971E14	0.00144
2.97825E14	0.00194
2.9855E14	0.00189
2.99276E14	0.00152
3.00001E14	0.0018
3.00727E14	0.00214
3.01452E14	0.00185
3.02177E14	0.00198
3.02903E14	0.00155
3.03628E14	0.00182
3.04354E14	0.00136
3.05079E14	0.00253
3.05804E14	0.0018
3.0653E14	0.00182
3.07255E14	0.00163
3.07981E14	0.00186
3.08706E14	0.00206
3.09431E14	0.00227
3.10157E14	0.00141
3.10882E14	0.0012
3.11608E14	0.00159
3.12333E14	0.00156
3.13058E14	0.00148
3.13784E14	0.00151
3.14509E14	0.00172
3.15235E14	0.00179
3.1596E14	0.00178
3.16685E14	0.00145
3.17411E14	0.00152
3.18136E14	0.00141
3.18862E14	0.00128
3.19587E14	0.00117
3.20312E14	0.00202
3.21038E14	0.00178
3.21763E14	0.0014
3.22489E14	0.00164
3.23214E14	0.00112
3.23939E14	0.00147
3.24665E14	0.00162
3.2539E14	0.0018
3.26116E14	0.00126
3.26841E14	0.00105
3.27566E14	0.00139
3.28292E14	0.00139
3.29017E14	0.00123
3.29743E14	0.00128
3.30468E14	0.00149
3.31193E14	0.00171
3.31919E14	0.0013
3.32644E14	8.54476E-4
3.3337E14	0.00118
3.34095E14	0.00115
3.3482E14	0.00174
3.35546E14	0.0019
3.36271E14	0.00131
3.36997E14	0.00157
3.37722E14	0.00136
3.38447E14	0.00156
3.39173E14	0.00193
3.39898E14	0.00136
3.40624E14	0.00132
3.41349E14	0.00121
3.42074E14	0.00159
3.428E14	0.00186
3.43525E14	0.00167
3.44251E14	0.00161
3.44976E14	0.00202
3.45701E14	0.00136
3.46427E14	0.00134
3.47152E14	0.00129
3.47878E14	0.00121
3.48603E14	0.00157
3.49328E14	0.00148
3.50054E14	0.00162
3.50779E14	0.00167
3.51505E14	0.00106
3.5223E14	0.00153
3.52955E14	0.00145
3.53681E14	0.0014
3.54406E14	0.00145
3.55132E14	0.00164
3.55857E14	0.00198
3.56582E14	0.00134
3.57308E14	0.00156
3.58033E14	9.78502E-4
3.58759E14	0.00112
3.59484E14	0.00183
3.60209E14	0.00154
3.60935E14	0.00119
3.6166E14	0.00147
3.62386E14	0.00133
3.63111E14	0.00135
3.63836E14	0.00132
3.64562E14	0.00163
3.65287E14	0.00137
3.66013E14	0.00156
3.66738E14	0.00193
3.67463E14	0.00174
3.68189E14	0.002
3.68914E14	0.00133
3.6964E14	0.00132
3.70365E14	0.00156
3.7109E14	0.00195
3.71816E14	0.00146
3.72541E14	0.00173
3.73267E14	0.00108
3.73992E14	0.00138
3.74717E14	0.00168
3.75443E14	0.00136
3.76168E14	0.0015
3.76894E14	0.00131
3.77619E14	0.00126
3.78344E14	0.00133
3.7907E14	0.00132
3.79795E14	0.00117
3.80521E14	0.00151
3.81246E14	0.00161
3.81971E14	0.00183
3.82697E14	0.00188
3.83422E14	0.00113
3.84148E14	0.00149
3.84873E14	0.0016
3.85598E14	0.00127
3.86324E14	0.00125
3.87049E14	0.00132
3.87775E14	0.00124
3.885E14	9.86778E-4
3.89225E14	9.0621E-4
3.89951E14	8.23029E-4
3.90676E14	0.00116
3.91402E14	0.00123
3.92127E14	0.00118
3.92852E14	0.00133
3.93578E14	0.00132
3.94303E14	0.00157
3.95029E14	0.00106
3.95754E14	0.00161
3.96479E14	0.00146
3.97205E14	0.00151
3.9793E14	0.00149
3.98656E14	0.00136
3.99381E14	0.00113
4.00106E14	0.00135
4.00832E14	0.002
4.01557E14	0.00111
4.02283E14	0.00151
4.03008E14	0.00163
4.03733E14	0.00191
4.04459E14	0.00164
4.05184E14	8.20538E-4
4.0591E14	0.00111
4.06635E14	0.00199
4.0736E14	0.00211
4.08086E14	0.00159
4.08811E14	0.00162
4.09537E14	0.00208
4.10262E14	0.00195
4.10987E14	0.00156
4.11713E14	0.00118
4.12438E14	8.4236E-4
4.13164E14	0.00126
4.13889E14	0.00136
4.14614E14	0.00177
4.1534E14	0.00151
4.16065E14	0.00133
4.16791E14	0.00174
4.17516E14	0.00178
4.18241E14	0.00151
4.18967E14	0.0012
4.19692E14	0.00138
4.20418E14	0.00135
4.21143E14	0.00135
4.21868E14	0.00141
4.22594E14	0.0021
4.23319E14	0.00151
4.24045E14	0.00137
4.2477E14	0.00108
4.25495E14	0.00184
4.26221E14	0.00166
4.26946E14	0.00169
4.27672E14	0.0017
4.28397E14	0.0018
4.29122E14	0.002
4.29848E14	0.00145
4.30573E14	0.00185
4.31299E14	0.00158
4.32024E14	0.00203
4.32749E14	0.00184
4.33475E14	0.00157
4.342E14	0.00166
4.34926E14	0.00193
4.35651E14	0.00183
4.36376E14	0.00175
4.37102E14	0.00224
4.37827E14	0.00156
4.38553E14	0.00162
4.39278E14	0.00218
4.40003E14	0.00185
4.40729E14	0.00197
4.41454E14	0.00177
4.4218E14	0.0023
4.42905E14	0.00222
4.4363E14	0.00179
4.44356E14	0.00202
4.45081E14	0.00172
4.45807E14	0.00204
4.46532E14	0.00233
4.47257E14	0.00262
4.47983E14	0.00164
4.48708E14	0.00135
4.49434E14	0.00132
4.50159E14	0.00145
4.50884E14	0.00176
4.5161E14	0.00168
4.52335E14	0.00168
4.53061E14	0.002
4.53786E14	0.00169
4.54511E14	0.00161
4.55237E14	0.00101
4.55962E14	0.00176
4.56688E14	0.00172
4.57413E14	0.00184
4.58138E14	0.00149
4.58864E14	0.00139
4.59589E14	0.00122
4.60315E14	0.00184
4.6104E14	0.00147
4.61765E14	0.00168
4.62491E14	0.00113
4.63216E14	0.00136
4.63942E14	0.00176
4.64667E14	0.00132
4.65392E14	0.00169
4.66118E14	0.0011
4.66843E14	0.00152
4.67569E14	0.00139
4.68294E14	0.00149
4.69019E14	0.00165
4.69745E14	0.00173
4.7047E14	0.00154
4.71196E14	0.00133
4.71921E14	0.00124
4.72646E14	0.00123
4.73372E14	8.31967E-4
4.74097E14	0.001
4.74823E14	8.53768E-4
4.75548E14	0.00127
4.76273E14	0.0014
4.76999E14	0.00141
4.77724E14	0.0015
4.7845E14	9.07652E-4
4.79175E14	7.63379E-4
4.799E14	0.00109
4.80626E14	9.10456E-4
4.81351E14	8.68414E-4
4.82077E14	0.00108
4.82802E14	9.92551E-4
4.83527E14	0.00151
4.84253E14	0.00148
4.84978E14	0.00135
4.85704E14	0.00132
4.86429E14	0.00148
4.87154E14	0.00146
4.8788E14	0.00121
4.88605E14	6.47482E-4
4.89331E14	8.38948E-4
4.90056E14	0.00103
4.90781E14	8.89485E-4
4.91507E14	6.41523E-4
4.92232E14	6.57256E-4
4.92958E14	6.81205E-4
4.93683E14	7.57038E-4
4.94408E14	7.8343E-4
4.95134E14	7.98357E-4
4.95859E14	5.49443E-4
4.96585E14	0.00137
4.9731E14	0.00128
4.98035E14	5.05925E-4
4.98761E14	4.39607E-4
4.99486E14	0.00135
5.00212E14	0.00107
5.00937E14	7.07761E-4
5.01662E14	7.04466E-4
5.02388E14	0.00102
5.03113E14	8.30809E-4
5.03839E14	7.5857E-4
5.04564E14	5.61331E-4
5.05289E14	6.0741E-4
5.06015E14	0.00109
5.0674E14	8.78506E-4
5.07466E14	7.54232E-4
5.08191E14	7.32441E-4
5.08916E14	8.75745E-4
5.09642E14	9.76094E-4
5.10367E14	7.53583E-4
5.11093E14	6.97855E-4
5.11818E14	5.69903E-4
5.12543E14	0.00107
5.13269E14	8.94809E-4
5.13994E14	3.62496E-4
5.1472E14	5.1463E-4
5.15445E14	4.88775E-4
5.1617E14	4.05139E-4
5.16896E14	4.98622E-4
5.17621E14	8.21066E-4
5.18347E14	3.41022E-4
5.19072E14	2.14717E-4
5.19797E14	3.73717E-4
5.20523E14	4.48169E-4
5.21248E14	5.48043E-4
5.21974E14	3.9518E-4
5.22699E14	5.80398E-4
5.23424E14	6.72679E-4
5.2415E14	7.91336E-4
5.24875E14	5.8689E-4
5.25601E14	9.3168E-4
5.26326E14	0.00118
5.27051E14	6.21443E-4
5.27777E14	9.08839E-4
5.28502E14	6.06363E-4
5.29228E14	4.2838E-4
5.29953E14	6.97335E-4
5.30678E14	6.83061E-4
5.31404E14	4.43594E-4
5.32129E14	5.43977E-4
5.32855E14	4.75279E-4
5.3358E14	8.05242E-4
5.34305E14	0.00102
5.35031E14	5.966E-4
5.35756E14	5.02474E-4
5.36482E14	5.10842E-4
5.37207E14	7.23314E-4
5.37932E14	4.36479E-4
5.38658E14	6.63043E-4
5.39383E14	8.70186E-4
5.40109E14	3.6391E-4
5.40834E14	4.60806E-4
5.41559E14	7.81736E-4
5.42285E14	8.37808E-4
5.4301E14	6.80934E-4
5.43736E14	8.37831E-4
5.44461E14	8.49479E-4
5.45186E14	5.44116E-4
5.45912E14	5.49347E-4
5.46637E14	4.41849E-4
5.47363E14	3.69874E-4
5.48088E14	5.1147E-4
5.48813E14	4.93785E-4
5.49539E14	5.02149E-4
5.50264E14	5.36033E-4
5.5099E14	-5.7042E-5
5.51715E14	3.43729E-4
5.5244E14	3.12132E-4
5.53166E14	3.32608E-4
5.53891E14	6.31452E-4
5.54617E14	2.9941E-4
5.55342E14	2.65085E-4
5.56067E14	2.55148E-4
5.56793E14	6.90031E-4
5.57518E14	2.3405E-4
5.58244E14	4.13579E-4
5.58969E14	3.81851E-4
5.59694E14	3.24431E-4
5.6042E14	5.84298E-4
5.61145E14	5.58517E-4
5.61871E14	7.23799E-4
5.62596E14	5.9192E-4
5.63321E14	6.48974E-4
5.64047E14	3.78113E-4
5.64772E14	4.06993E-4
5.65498E14	3.31189E-4
5.66223E14	3.40744E-4
5.66948E14	9.23976E-4
5.67674E14	8.90458E-4
5.68399E14	8.84817E-4
5.69125E14	5.11496E-4
5.6985E14	8.29736E-4
5.70575E14	4.67266E-4
5.71301E14	6.624E-4
5.72026E14	6.72667E-4
5.72752E14	5.51413E-4
5.73477E14	5.78169E-4
5.74202E14	6.25036E-4
5.74928E14	8.17154E-4
5.75653E14	8.24414E-4
5.76379E14	9.92441E-4
5.77104E14	8.45475E-4
5.77829E14	3.64387E-4
5.78555E14	6.96875E-4
5.7928E14	0.00102
5.80006E14	6.05093E-4
5.80731E14	3.5386E-4
5.81456E14	6.94434E-4
5.82182E14	3.89972E-4
5.82907E14	2.54001E-4
5.83633E14	1.75299E-4
5.84358E14	2.94672E-4
5.85083E14	3.42804E-4
5.85809E14	6.96312E-4
5.86534E14	9.76798E-4
5.8726E14	7.87811E-4
5.87985E14	7.15271E-4
5.8871E14	5.74618E-4
5.89436E14	6.54684E-4
5.90161E14	5.17563E-4
5.90887E14	3.17592E-4
5.91612E14	6.41978E-4
5.92337E14	8.43478E-4
5.93063E14	5.27757E-4
5.93788E14	6.04058E-4
5.94514E14	7.71981E-4
5.95239E14	3.83603E-4
5.95964E14	1.97532E-4
5.9669E14	4.29451E-4
5.97415E14	3.06179E-4
5.98141E14	6.03707E-4
5.98866E14	4.23825E-4
5.99591E14	5.85482E-4
6.00317E14	7.92255E-4
6.01042E14	5.26031E-4
6.01768E14	7.25668E-4
6.02493E14	5.77431E-4
6.03218E14	1.24562E-4
6.03944E14	7.35028E-4
6.04669E14	2.17976E-4
6.05395E14	1.72077E-4
6.0612E14	3.66646E-4
6.06845E14	5.41635E-4
6.07571E14	4.59165E-4
6.08296E14	3.38036E-4
6.09022E14	3.41482E-4
6.09747E14	3.41729E-4
6.10472E14	2.91176E-4
6.11198E14	4.93544E-4
6.11923E14	5.90206E-4
6.12649E14	4.58219E-4
6.13374E14	5.11032E-5
6.14099E14	6.06596E-4
6.14825E14	7.17999E-4
6.1555E14	7.62113E-4
6.16276E14	6.40164E-4
6.17001E14	2.52705E-4
6.17726E14	3.5585E-4
6.18452E14	4.7713E-4
6.19177E14	4.86452E-4
6.19903E14	4.16371E-4
6.20628E14	4.58403E-4
6.21353E14	2.91E-4
6.22079E14	4.44904E-4
6.22804E14	1.96161E-4
6.2353E14	6.57032E-5
6.24255E14	7.07343E-4
6.2498E14	7.1305E-4
6.25706E14	1.95433E-4
6.26431E14	7.9228E-4
6.27157E14	3.82611E-4
6.27882E14	7.11787E-5
6.28607E14	1.89035E-4
6.29333E14	5.6344E-4
6.30058E14	4.32788E-4
6.30784E14	1.71918E-4
6.31509E14	5.50569E-5
6.32234E14	1.12203E-4
6.3296E14	3.80565E-5
6.33685E14	-7.04063E-6
6.34411E14	2.00811E-4
6.35136E14	5.22359E-4
6.35861E14	3.98783E-4
6.36587E14	2.93552E-4
6.37312E14	3.12228E-4
6.38038E14	4.51919E-4
6.38763E14	8.41332E-5
6.39488E14	3.96066E-4
6.40214E14	8.0463E-4
6.40939E14	3.97913E-4
6.41665E14	6.16293E-4
6.4239E14	4.39149E-4
6.43115E14	8.21007E-6
6.43841E14	2.40586E-4
6.44566E14	6.85153E-4
6.45292E14	3.4112E-4
6.46017E14	4.43061E-4
6.46742E14	4.8704E-4
6.47468E14	4.21744E-4
6.48193E14	2.06173E-4
6.48919E14	2.27439E-4
6.49644E14	7.31533E-4
6.50369E14	3.23071E-4
6.51095E14	4.06079E-4
6.5182E14	3.51053E-5
6.52546E14	1.09624E-4
6.53271E14	2.82824E-4
6.53996E14	2.57019E-4
6.54722E14	3.71486E-4
6.55447E14	2.15819E-4
6.56173E14	2.46744E-4
6.56898E14	5.60692E-4
6.57623E14	8.48819E-4
6.58349E14	4.12426E-4
6.59074E14	1.62447E-4
6.598E14	7.0787E-4
6.60525E14	4.55193E-4
6.6125E14	1.6599E-4
6.61976E14	7.80715E-4
6.62701E14	6.65624E-4
6.63427E14	1.20269E-4
6.64152E14	2.80628E-4
6.64877E14	4.87921E-4
6.65603E14	3.06209E-4
6.66328E14	2.52538E-4
6.67054E14	6.97725E-4
6.67779E14	5.97401E-4
6.68504E14	3.12052E-4
6.6923E14	5.71421E-4
6.69955E14	2.74843E-4
6.70681E14	4.37088E-4
6.71406E14	5.4047E-4
6.72131E14	9.63851E-4
6.72857E14	0.00119
6.73582E14	7.50446E-4
6.74308E14	3.20951E-4
6.75033E14	4.98093E-4
6.75758E14	2.13246E-4
6.76484E14	2.09933E-4
6.77209E14	2.10019E-5
6.77935E14	1.37158E-4
6.7866E14	5.79006E-5
6.79385E14	5.15299E-6
6.80111E14	-9.73388E-5
6.80836E14	3.75045E-5
6.81562E14	5.88637E-4
6.82287E14	5.13155E-4
6.83012E14	7.88347E-5
6.83738E14	2.04261E-4
6.84463E14	7.60153E-6
6.85189E14	3.97416E-4
6.85914E14	3.206E-4
6.86639E14	2.82123E-4
6.87365E14	2.68046E-4
6.8809E14	4.56404E-4
6.88816E14	3.82472E-4
6.89541E14	1.91738E-4
6.90266E14	6.31129E-4
6.90992E14	-2.22002E-5
6.91717E14	4.68329E-4
6.92443E14	6.0682E-6
6.93168E14	5.90358E-4
6.93893E14	8.03679E-5
6.94619E14	4.22809E-4
6.95344E14	6.6333E-4
6.9607E14	5.06624E-4
6.96795E14	4.33319E-4
6.9752E14	1.7097E-4
6.98246E14	3.07132E-5
6.98971E14	8.98269E-5
6.99697E14	4.56123E-4
7.00422E14	3.71265E-4
7.01147E14	3.803E-4
7.01873E14	1.0302E-4
7.02598E14	5.27166E-4
7.03324E14	2.32664E-4
7.04049E14	-4.53116E-5
7.04774E14	2.07019E-4
7.055E14	4.39486E-4
7.06225E14	-2.08854E-4
7.06951E14	4.40035E-4
7.07676E14	1.85825E-4
7.08401E14	2.85341E-4
7.09127E14	2.41829E-4
7.09852E14	3.16488E-4
7.10578E14	2.95256E-4
7.11303E14	1.73466E-4
7.12028E14	3.72755E-4
7.12754E14	-9.01397E-5
7.13479E14	4.20345E-5
7.14205E14	1.82663E-4
7.1493E14	7.54091E-4
7.15655E14	3.60668E-4
7.16381E14	3.68288E-4
7.17106E14	1.83707E-4
7.17832E14	3.26575E-5
7.18557E14	2.03874E-4
7.19282E14	-1.91978E-4
7.20008E14	-1.38283E-5
7.20733E14	-3.7608E-5
7.21459E14	1.78386E-4
7.22184E14	-2.73157E-4
7.22909E14	4.0777E-5
7.23635E14	1.77524E-4
7.2436E14	1.23369E-4
7.25086E14	1.23981E-4
7.25811E14	1.86048E-5
7.26536E14	2.7148E-4
7.27262E14	6.2064E-4
7.27987E14	1.88726E-5
7.28713E14	-5.10429E-6
7.29438E14	4.28026E-5
7.30163E14	3.25526E-5
7.30889E14	-1.73236E-4
7.31614E14	3.58087E-4
7.3234E14	8.58744E-5
7.33065E14	2.97925E-4
7.3379E14	2.14948E-4
7.34516E14	2.85499E-4
7.35241E14	4.63974E-4
7.35967E14	4.74574E-4
7.36692E14	2.12422E-4
7.37417E14	8.93795E-4
7.38143E14	2.89278E-4
7.38868E14	1.45675E-4
7.39594E14	4.32943E-4
7.40319E14	4.53155E-4
7.41044E14	4.18677E-4
7.4177E14	2.20092E-4
7.42495E14	3.52758E-4
7.43221E14	2.36522E-4
7.43946E14	2.95032E-4
7.44671E14	4.74603E-4
7.45397E14	1.64848E-4
7.46122E14	1.7768E-4
7.46848E14	2.80216E-4
7.47573E14	3.88685E-4
7.48298E14	2.72255E-4
7.49024E14	-1.43192E-4
7.49749E14	3.53454E-4
7.50475E14	2.89592E-4
7.512E14	9.63872E-5
7.51925E14	3.0205E-4
7.52651E14	4.02078E-4
7.53376E14	5.8184E-4
7.54102E14	4.57426E-4
7.54827E14	2.46186E-4
7.55552E14	6.94359E-4
7.56278E14	1.89092E-4
7.57003E14	2.66259E-4
7.57729E14	4.74661E-4
7.58454E14	6.96885E-4
7.59179E14	5.2224E-4
7.59905E14	6.8223E-4
7.6063E14	6.5008E-4
7.61356E14	-4.17603E-5
7.62081E14	5.1527E-4
7.62806E14	3.07708E-4
7.63532E14	2.00848E-4
7.64257E14	2.91449E-4
7.64983E14	1.99551E-4
7.65708E14	4.00683E-4
7.66433E14	1.99058E-4
7.67159E14	7.89333E-5
7.67884E14	3.04937E-4
7.6861E14	-1.48546E-4
7.69335E14	1.31259E-5
7.7006E14	1.50975E-4
7.70786E14	-9.71628E-5
7.71511E14	3.03639E-4
7.72237E14	4.46131E-4
7.72962E14	4.79552E-4
7.73687E14	3.3852E-4
7.74413E14	3.45161E-4
7.75138E14	3.55008E-4
7.75864E14	2.70701E-4
7.76589E14	6.6048E-4
7.77314E14	7.39735E-4
7.7804E14	6.70134E-4
7.78765E14	3.88826E-4
7.79491E14	1.17184E-4
7.80216E14	4.63895E-4
7.80941E14	5.22304E-4
7.81667E14	-1.28101E-4
7.82392E14	-2.13491E-4
7.83118E14	-4.21902E-5
7.83843E14	4.85191E-4
7.84568E14	3.81524E-4
7.85294E14	1.48044E-4
7.86019E14	9.13283E-6
7.86745E14	2.48783E-4
7.8747E14	-7.31819E-5
7.88195E14	-4.55596E-5
7.88921E14	-1.38846E-4
7.89646E14	1.93542E-4
7.90372E14	7.63589E-4
7.91097E14	2.45391E-4
7.91822E14	-2.72934E-4
7.92548E14	8.4522E-5
7.93273E14	4.19674E-4
7.93999E14	3.8687E-4
7.94724E14	4.66487E-4
7.95449E14	3.79165E-4
7.96175E14	2.14302E-5
7.969E14	-2.97863E-4
7.97626E14	8.10445E-6
7.98351E14	3.45461E-4
7.99076E14	2.47162E-4
7.99802E14	1.17565E-6
8.00527E14	6.75331E-5
8.01253E14	2.4398E-4
8.01978E14	3.22752E-4
8.02703E14	-5.22306E-5
8.03429E14	1.62111E-4
8.04154E14	-8.47238E-7
8.0488E14	9.55372E-5
8.05605E14	-2.74645E-4
8.0633E14	6.40214E-4
8.07056E14	3.0571E-4
8.07781E14	4.76737E-4
8.08507E14	-1.45261E-4
8.09232E14	-1.6498E-5
8.09957E14	-1.67497E-4
8.10683E14	1.06387E-4
8.11408E14	-5.71854E-4
8.12134E14	-3.61622E-5
8.12859E14	2.49103E-4
8.13584E14	4.63858E-5
8.1431E14	-3.23963E-5
8.15035E14	8.81616E-5
8.15761E14	9.83567E-5
8.16486E14	1.26596E-4
8.17211E14	2.12667E-5
8.17937E14	3.29244E-4
8.18662E14	-1.04578E-5
8.19388E14	-2.28525E-4
8.20113E14	-6.51085E-5
8.20838E14	2.50688E-4
8.21564E14	-2.50286E-4
8.22289E14	2.71533E-4
8.23015E14	8.21303E-5
8.2374E14	8.10759E-4
8.24465E14	3.17425E-4
8.25191E14	1.94897E-4
8.25916E14	2.25509E-5
8.26642E14	1.29556E-4
8.27367E14	2.49293E-4
8.28092E14	6.82309E-5
8.28818E14	3.44385E-4
8.29543E14	2.55107E-4
8.30269E14	-7.07294E-5
8.30994E14	2.02138E-4
8.31719E14	2.32539E-4
8.32445E14	7.13953E-4
8.3317E14	2.47451E-4
8.33896E14	-8.09382E-5
8.34621E14	7.29118E-4
8.35346E14	6.01073E-4
8.36072E14	4.72275E-4
8.36797E14	-7.33104E-5
8.37523E14	1.16216E-4
8.38248E14	2.29766E-4
8.38973E14	2.47756E-4
8.39699E14	-2.73233E-5
8.40424E14	1.80664E-4
8.4115E14	1.88381E-5
8.41875E14	3.86104E-5
8.426E14	-8.93047E-5
8.43326E14	2.76636E-4
8.44051E14	1.8355E-4
8.44777E14	1.43897E-4
8.45502E14	-4.52883E-4
8.46227E14	-3.71367E-4
8.46953E14	-1.28769E-4
8.47678E14	-6.06124E-5
8.48404E14	5.46934E-5
8.49129E14	-3.48299E-5
8.49854E14	2.53956E-4
8.5058E14	2.48226E-4
8.51305E14	-2.15334E-4
8.52031E14	1.52989E-4
8.52756E14	7.07516E-5
8.53481E14	5.05194E-4
8.54207E14	1.20647E-5
8.54932E14	-3.73633E-5
8.55658E14	-1.06352E-5
8.56383E14	-1.24868E-4
8.57108E14	1.25122E-4
8.57834E14	1.24588E-4
8.58559E14	-1.6665E-6
8.59285E14	3.5189E-4
8.6001E14	2.92236E-4
8.60735E14	6.84967E-5
8.61461E14	2.40449E-4
8.62186E14	4.28382E-5
8.62912E14	7.59878E-5
8.63637E14	3.73933E-4
8.64362E14	9.04278E-5
8.65088E14	5.97142E-4
8.65813E14	3.63881E-4
8.66539E14	2.27725E-4
8.67264E14	1.90075E-5
8.67989E14	9.58808E-5
8.68715E14	1.2144E-4
8.6944E14	3.14798E-4
8.70166E14	3.78188E-4
8.70891E14	6.74819E-5
8.71616E14	4.03577E-4
8.72342E14	3.74448E-4
8.73067E14	6.56831E-4
8.73793E14	8.29012E-4
8.74518E14	0.00102
8.75243E14	7.09897E-4
8.75969E14	5.24814E-4
8.76694E14	7.31489E-5
8.7742E14	4.41898E-4
8.78145E14	5.0602E-4
8.7887E14	4.03841E-4
8.79596E14	3.66942E-4
8.80321E14	3.6033E-4
8.81047E14	7.2229E-6
8.81772E14	-5.88007E-5
8.82497E14	6.48544E-5
8.83223E14	-1.80843E-6
8.83948E14	2.0756E-4
8.84674E14	5.63397E-4
8.85399E14	4.68002E-4
8.86124E14	4.27686E-4
8.8685E14	4.21572E-4
8.87575E14	8.29879E-5
8.88301E14	2.6338E-5
8.89026E14	7.35563E-5
8.89751E14	5.08298E-5
8.90477E14	5.97388E-5
8.91202E14	6.32726E-4
8.91928E14	1.04264E-4
8.92653E14	3.1322E-4
8.93378E14	-7.43499E-5
8.94104E14	-1.74702E-4
8.94829E14	5.19006E-5
8.95555E14	2.52296E-4
8.9628E14	2.41994E-4
8.97005E14	4.01667E-4
8.97731E14	7.49355E-4
8.98456E14	7.69304E-4
8.99182E14	3.62078E-4
8.99907E14	2.17415E-4
9.00632E14	7.06258E-4
9.01358E14	1.05292E-4
9.02083E14	4.55289E-4
9.02809E14	3.88678E-4
9.03534E14	8.25331E-5
9.04259E14	8.99585E-5
9.04985E14	2.77928E-4
9.0571E14	1.05742E-5
9.06436E14	2.21289E-4
9.07161E14	2.79604E-4
9.07886E14	3.89126E-4
9.08612E14	1.22204E-4
9.09337E14	3.20904E-4
9.10063E14	3.60178E-4
9.10788E14	-1.82372E-4
9.11513E14	-1.5031E-4
9.12239E14	2.02552E-4
9.12964E14	8.3894E-5
9.1369E14	1.63021E-4
9.14415E14	-7.48823E-5
9.1514E14	-6.75111E-5
9.15866E14	2.88065E-5
9.16591E14	7.16941E-5
9.17317E14	6.01582E-4
9.18042E14	1.44249E-4
9.18767E14	3.47073E-4
9.19493E14	3.49424E-4
9.20218E14	4.52662E-4
9.20944E14	3.94506E-4
9.21669E14	4.973E-4
9.22394E14	9.26649E-4
9.2312E14	1.56112E-4
9.23845E14	3.52607E-4
9.24571E14	4.77518E-4
9.25296E14	1.53142E-5
9.26021E14	3.76589E-4
9.26747E14	1.35624E-4
9.27472E14	5.32692E-4
9.28198E14	4.82828E-4
9.28923E14	3.49358E-4
9.29648E14	2.1987E-4
9.30374E14	3.3739E-5
9.31099E14	5.60544E-4
9.31825E14	1.38738E-6
9.3255E14	-1.70792E-4
9.33275E14	2.57677E-4
9.34001E14	3.2518E-4
9.34726E14	1.30218E-4
9.35452E14	-2.18764E-5
9.36177E14	4.31156E-4
9.36902E14	7.99766E-5
9.37628E14	3.00559E-4
9.38353E14	2.41523E-4
9.39079E14	-1.27123E-4
9.39804E14	3.56091E-4
9.40529E14	7.12748E-4
9.41255E14	2.81464E-4
9.4198E14	6.32708E-4
9.42706E14	4.82012E-4
9.43431E14	6.36481E-4
9.44156E14	6.53143E-4
9.44882E14	3.9783E-4
9.45607E14	2.70658E-4
9.46333E14	2.91953E-4
9.47058E14	2.93987E-4
9.47783E14	1.91103E-5
9.48509E14	-1.05103E-4
9.49234E14	4.80308E-6
9.4996E14	2.44268E-4
9.50685E14	1.64933E-4
9.5141E14	-3.85782E-5
9.52136E14	-2.29786E-4
9.52861E14	7.90589E-4
9.53587E14	2.57023E-4
9.54312E14	3.09431E-4
9.55037E14	7.74889E-4
9.55763E14	5.45651E-4
9.56488E14	1.89268E-4
9.57214E14	4.99235E-4
9.57939E14	2.445E-4
9.58664E14	4.54365E-4
9.5939E14	5.26102E-4
9.60115E14	6.02563E-4
9.60841E14	5.05488E-4
9.61566E14	2.13533E-4
9.62291E14	1.90678E-4
9.63017E14	2.44627E-4
9.63742E14	4.54008E-4
9.64468E14	4.19451E-4
9.65193E14	1.2984E-4
9.65918E14	2.40807E-4
9.66644E14	2.07661E-4
9.67369E14	4.5911E-4
9.68095E14	3.44507E-4
9.6882E14	8.00124E-5
9.69545E14	-6.84956E-5
9.70271E14	3.75716E-4
9.70996E14	4.35562E-4
9.71722E14	4.45395E-4
9.72447E14	7.24307E-5
9.73172E14	3.35142E-4
9.73898E14	7.23645E-4
9.74623E14	4.91847E-4
9.75349E14	1.00605E-4
9.76074E14	1.80879E-5
9.76799E14	4.68992E-5
9.77525E14	2.39872E-4
9.7825E14	1.11826E-4
9.78976E14	1.03784E-4
9.79701E14	-1.59454E-4
9.80426E14	7.70938E-5
9.81152E14	4.04164E-4
9.81877E14	4.32697E-4
9.82603E14	5.5695E-4
9.83328E14	5.59393E-4
9.84053E14	2.48494E-4
9.84779E14	8.96904E-5
9.85504E14	4.84461E-5
9.8623E14	-5.72925E-5
9.86955E14	4.57748E-5
9.8768E14	1.8662E-4
9.88406E14	3.85403E-4
9.89131E14	5.97917E-4
9.89857E14	5.76649E-4
9.90582E14	1.76047E-4
9.91307E14	-1.48357E-4
9.92033E14	1.65382E-4
9.92758E14	-3.14873E-4
9.93484E14	5.33066E-4
9.94209E14	4.47461E-4
9.94934E14	5.72204E-4
9.9566E14	1.54737E-4
9.96385E14	5.18254E-4
9.97111E14	4.3675E-4
9.97836E14	9.23894E-4
9.98561E14	8.78235E-4
9.99287E14	3.03833E-4
1.00001E15	-1.4166E-4
1.00074E15	-2.39033E-5
1.00146E15	-2.0445E-4
1.00219E15	-4.88178E-5
1.00291E15	1.45272E-4
1.00364E15	5.55698E-4
1.00436E15	-1.33131E-4
1.00509E15	2.55968E-4
1.00582E15	4.76927E-4
1.00654E15	9.70493E-4
1.00727E15	3.3874E-4
1.00799E15	5.07139E-4
1.00872E15	4.53526E-4
1.00944E15	5.68859E-5
1.01017E15	8.98073E-5
1.01089E15	2.56452E-4
1.01162E15	2.42445E-4
1.01234E15	2.3956E-4
1.01307E15	-3.18796E-4
1.01379E15	8.8285E-5
1.01452E15	-1.19726E-4
1.01525E15	4.09679E-5
1.01597E15	-5.86974E-5
1.0167E15	2.73933E-4
1.01742E15	-1.23191E-4
1.01815E15	-2.11313E-6
1.01887E15	-7.18155E-5
1.0196E15	3.74091E-4
1.02032E15	5.9192E-4
1.02105E15	4.96834E-4
1.02177E15	2.07249E-4
1.0225E15	3.39738E-4
1.02323E15	6.19701E-4
1.02395E15	2.21556E-4
1.02468E15	1.55009E-4
1.0254E15	3.44178E-4
1.02613E15	-3.81501E-5
1.02685E15	-6.10516E-6
1.02758E15	2.44208E-4
1.0283E15	-4.02204E-4
1.02903E15	-2.35472E-4
1.02975E15	-7.17647E-5
1.03048E15	-1.57983E-4
1.0312E15	1.32341E-4
1.03193E15	-9.07926E-5
1.03266E15	-3.51888E-4
1.03338E15	4.81078E-4
1.03411E15	1.98111E-4
1.03483E15	8.09836E-5
1.03556E15	-1.74264E-4
1.03628E15	3.97305E-4
1.03701E15	1.29849E-4
1.03773E15	1.5404E-4
1.03846E15	-3.61604E-4
1.03918E15	3.64165E-4
1.03991E15	1.41443E-4
1.04063E15	4.19956E-4
1.04136E15	3.5497E-4
1.04209E15	-1.88583E-4
1.04281E15	-5.43232E-5
1.04354E15	6.60953E-5
1.04426E15	3.76251E-4
1.04499E15	4.41039E-4
1.04571E15	4.99573E-4
1.04644E15	3.45673E-4
1.04716E15	-2.50181E-6
1.04789E15	-1.21222E-4
1.04861E15	4.57971E-4
1.04934E15	4.64555E-4
1.05006E15	8.54356E-5
1.05079E15	1.0098E-4
1.05152E15	-3.11053E-4
1.05224E15	1.21745E-4
1.05297E15	-3.94801E-4
1.05369E15	2.4318E-4
1.05442E15	4.20962E-4
1.05514E15	1.47992E-4
1.05587E15	1.97798E-5
1.05659E15	7.2128E-5
1.05732E15	-1.28945E-4
1.05804E15	-1.78482E-4
1.05877E15	-4.68909E-5
1.0595E15	4.0871E-4
1.06022E15	-1.75167E-4
1.06095E15	-6.02385E-5
1.06167E15	3.81694E-4
1.0624E15	2.68164E-4
1.06312E15	-6.60491E-5
1.06385E15	-8.7947E-5
1.06457E15	-2.80477E-4
1.0653E15	3.88943E-4
1.06602E15	3.25105E-4
1.06675E15	6.72112E-5
1.06747E15	-3.76028E-4
1.0682E15	-4.91335E-4
1.06893E15	3.04331E-4
1.06965E15	-2.96407E-4
1.07038E15	-7.83817E-5
1.0711E15	5.88643E-4
1.07183E15	2.16276E-4
1.07255E15	2.73797E-4
1.07328E15	5.4806E-4
1.074E15	8.68089E-4
1.07473E15	3.7134E-4
1.07545E15	-8.50929E-5
1.07618E15	2.32642E-4
1.0769E15	4.07796E-4
1.07763E15	-2.42411E-5
1.07836E15	3.00798E-5
1.07908E15	4.43687E-5
1.07981E15	-1.46484E-4
1.08053E15	-3.75026E-4
1.08126E15	7.58441E-5
1.08198E15	5.79691E-4
1.08271E15	1.25933E-4
1.08343E15	2.86326E-4
1.08416E15	7.38336E-4
1.08488E15	5.50226E-4
1.08561E15	3.78443E-4
1.08633E15	6.4263E-4
1.08706E15	4.74862E-4
1.08779E15	-3.67177E-4
1.08851E15	-4.02706E-4
1.08924E15	2.8313E-4
1.08996E15	2.51288E-4
1.09069E15	2.40957E-4
1.09141E15	6.10765E-4
1.09214E15	4.53041E-4
1.09286E15	4.93356E-4
1.09359E15	1.81046E-5
1.09431E15	-1.00149E-4
1.09504E15	2.27614E-4
1.09577E15	3.75632E-4
1.09649E15	5.40042E-4
1.09722E15	1.47013E-4
1.09794E15	6.56507E-5
1.09867E15	1.8752E-4
1.09939E15	5.72097E-4
1.10012E15	1.40277E-4
1.10084E15	3.77752E-4
1.10157E15	3.67828E-4
1.10229E15	-2.70589E-5
1.10302E15	4.21461E-4
1.10374E15	3.07626E-4
1.10447E15	2.77864E-4
1.1052E15	1.10103E-4
1.10592E15	2.80756E-4
1.10665E15	2.37679E-4
1.10737E15	-4.68839E-5
1.1081E15	6.28572E-4
1.10882E15	3.72762E-4
1.10955E15	6.11696E-4
1.11027E15	2.77313E-4
1.111E15	1.66414E-4
1.11172E15	-1.01446E-4
1.11245E15	-4.15927E-5
1.11317E15	2.84754E-4
1.1139E15	-1.42374E-4
1.11463E15	-2.0119E-4
1.11535E15	-7.20189E-5
1.11608E15	2.15678E-4
1.1168E15	3.03603E-4
1.11753E15	1.38994E-4
1.11825E15	2.19093E-4
1.11898E15	5.05185E-4
1.1197E15	1.01523E-4
1.12043E15	-2.4042E-4
1.12115E15	3.58947E-4
1.12188E15	2.0023E-4
1.1226E15	2.22851E-4
1.12333E15	1.23502E-4
1.12406E15	1.3834E-4
1.12478E15	1.97281E-4
1.12551E15	1.83783E-6
1.12623E15	-9.47725E-5
1.12696E15	2.68242E-4
1.12768E15	1.4501E-4
1.12841E15	-3.0298E-4
1.12913E15	2.89776E-4
1.12986E15	2.29594E-4
1.13058E15	3.54233E-5
1.13131E15	-2.35876E-5
1.13204E15	6.02971E-4
1.13276E15	1.61982E-4
1.13349E15	-4.34899E-4
1.13421E15	-3.08354E-4
1.13494E15	-1.516E-4
1.13566E15	-2.23819E-4
1.13639E15	-1.28926E-4
1.13711E15	5.33381E-4
1.13784E15	2.03349E-4
1.13856E15	4.64201E-4
1.13929E15	5.67557E-4
1.14001E15	6.81094E-4
1.14074E15	6.93173E-5
1.14147E15	3.9136E-4
1.14219E15	5.01732E-4
1.14292E15	6.36646E-4
1.14364E15	3.18477E-4
1.14437E15	6.62017E-4
1.14509E15	1.81085E-4
1.14582E15	4.26501E-4
1.14654E15	2.6524E-4
1.14727E15	4.08166E-4
1.14799E15	4.53415E-4
1.14872E15	5.16943E-4
1.14944E15	-2.14544E-4
1.15017E15	6.22278E-4
1.1509E15	4.27287E-4
1.15162E15	5.8963E-5
1.15235E15	3.03725E-5
1.15307E15	4.03542E-4
1.1538E15	7.31037E-4
1.15452E15	3.59754E-4
1.15525E15	4.07232E-4
1.15597E15	6.90079E-4
1.1567E15	-1.20709E-4
1.15742E15	5.80621E-4
1.15815E15	3.85517E-4
1.15887E15	7.08056E-4
1.1596E15	2.32969E-4
1.16033E15	5.85424E-4
1.16105E15	3.21871E-4
1.16178E15	3.12849E-4
1.1625E15	-4.68575E-5
1.16323E15	6.47343E-4
1.16395E15	-4.48455E-5
1.16468E15	-1.43756E-4
1.1654E15	3.29963E-4
1.16613E15	7.21152E-4
1.16685E15	7.49867E-4
1.16758E15	6.31804E-4
1.16831E15	4.08113E-4
1.16903E15	3.42525E-4
1.16976E15	4.86507E-4
1.17048E15	5.60692E-5
1.17121E15	-1.97561E-4
1.17193E15	4.09872E-5
1.17266E15	-3.02792E-5
1.17338E15	3.94374E-4
1.17411E15	5.56869E-4
1.17483E15	1.38566E-4
1.17556E15	-1.75055E-4
1.17628E15	1.90363E-4
1.17701E15	8.91336E-5
1.17774E15	-3.39758E-4
1.17846E15	-1.17801E-4
1.17919E15	3.41144E-6
1.17991E15	3.80224E-4
1.18064E15	-2.86124E-4
1.18136E15	-4.33806E-4
1.18209E15	5.76956E-4
1.18281E15	4.32264E-4
1.18354E15	7.26101E-4
1.18426E15	2.19671E-4
1.18499E15	2.01179E-4
1.18571E15	-1.41731E-4
1.18644E15	5.16673E-4
1.18717E15	-7.07067E-5
1.18789E15	-6.41092E-5
1.18862E15	-2.07853E-4
1.18934E15	4.65769E-4
1.19007E15	-1.44144E-4
1.19079E15	-4.58843E-4
1.19152E15	2.03207E-4
1.19224E15	2.67589E-4
1.19297E15	-8.89176E-5
1.19369E15	5.20046E-4
1.19442E15	5.99139E-4
1.19514E15	7.47336E-5
1.19587E15	-5.16131E-4
1.1966E15	7.48315E-5
1.19732E15	6.70537E-5
1.19805E15	8.59951E-4
1.19877E15	7.24384E-4
1.1995E15	1.76867E-4
1.20022E15	-7.17281E-5
1.20095E15	5.24498E-4
1.20167E15	-3.24854E-4
1.2024E15	-1.03096E-4
1.20312E15	-5.20802E-4
1.20385E15	-3.58283E-4
1.20458E15	-3.25173E-5
1.2053E15	4.70533E-4
1.20603E15	3.61299E-4
1.20675E15	-3.34247E-4
1.20748E15	2.93186E-4
1.2082E15	1.92091E-5
1.20893E15	-1.25463E-4
1.20965E15	-1.72722E-5
1.21038E15	6.61212E-4
1.2111E15	7.49149E-4
1.21183E15	9.12565E-4
1.21255E15	4.64314E-4
1.21328E15	3.66894E-4
1.21401E15	-2.90022E-5
1.21473E15	3.65461E-4
1.21546E15	3.80008E-4
1.21618E15	1.88762E-4
1.21691E15	-6.25586E-5
1.21763E15	-2.01599E-4
1.21836E15	1.05494E-4
1.21908E15	6.92268E-4
1.21981E15	5.22608E-4
1.22053E15	-4.31989E-4
1.22126E15	5.70811E-4
1.22198E15	6.60294E-4
1.22271E15	-8.42816E-5
1.22344E15	-4.88463E-4
1.22416E15	3.83925E-4
1.22489E15	5.88459E-4
1.22561E15	-6.71928E-5
1.22634E15	-2.45298E-6
1.22706E15	4.42816E-4
1.22779E15	3.89113E-4
1.22851E15	-2.15711E-4
1.22924E15	4.99003E-4
1.22996E15	4.70933E-4
1.23069E15	1.023E-4
1.23141E15	1.57635E-4
1.23214E15	-1.19218E-4
1.23287E15	-1.09158E-4
1.23359E15	-2.62208E-4
1.23432E15	1.85472E-4
1.23504E15	1.9272E-6
1.23577E15	2.12322E-4
1.23649E15	9.03811E-4
1.23722E15	5.2268E-4
1.23794E15	6.45344E-4
1.23867E15	6.20231E-4
1.23939E15	9.92235E-5
1.24012E15	-2.59226E-4
1.24085E15	4.99512E-4
1.24157E15	5.3935E-4
1.2423E15	5.95052E-4
1.24302E15	-3.44095E-5
1.24375E15	1.10496E-4
1.24447E15	6.33296E-4
1.2452E15	2.83144E-4
1.24592E15	1.45369E-4
1.24665E15	4.88463E-4
1.24737E15	3.70644E-4
1.2481E15	8.39147E-5
1.24882E15	4.54013E-4
1.24955E15	3.40112E-4
1.25028E15	-5.51231E-6
1.251E15	6.3556E-4
1.25173E15	1.29607E-4
1.25245E15	-1.64232E-5
1.25318E15	4.7187E-4
1.2539E15	2.82082E-4
1.25463E15	-6.52756E-5
1.25535E15	-3.83166E-4
1.25608E15	9.68946E-5
1.2568E15	6.34787E-5
1.25753E15	-6.94599E-5
1.25825E15	3.4254E-4
1.25898E15	7.0274E-5
1.25971E15	2.42308E-4
1.26043E15	-2.61752E-4
1.26116E15	3.09694E-4
1.26188E15	3.20793E-4
1.26261E15	2.98798E-4
1.26333E15	2.83558E-4
1.26406E15	6.30232E-4
1.26478E15	2.97436E-4
1.26551E15	7.35915E-6
1.26623E15	-3.78909E-4
1.26696E15	1.40212E-5
1.26768E15	-1.58652E-4
1.26841E15	2.8593E-4
1.26914E15	2.35294E-4
1.26986E15	-3.59627E-5
1.27059E15	5.15493E-4
1.27131E15	1.54114E-4
1.27204E15	1.89233E-4
1.27276E15	6.70033E-4
1.27349E15	2.89675E-4
1.27421E15	9.67302E-5
1.27494E15	-2.6205E-5
1.27566E15	4.81565E-4
1.27639E15	3.56458E-4
1.27712E15	-1.22819E-4
1.27784E15	3.45298E-4
1.27857E15	-1.2701E-4
1.27929E15	3.22142E-5
1.28002E15	-5.51903E-4
1.28074E15	4.79764E-4
1.28147E15	4.75657E-4
1.28219E15	8.79002E-4
1.28292E15	3.32607E-4
1.28364E15	7.24175E-4
1.28437E15	0.00112
1.28509E15	3.11281E-4
1.28582E15	2.59027E-5
1.28655E15	-2.99455E-4
1.28727E15	3.99487E-4
1.288E15	1.40657E-4
1.28872E15	-3.73737E-4
1.28945E15	-5.34256E-4
1.29017E15	-3.14898E-4
1.2909E15	1.62533E-4
1.29162E15	2.39177E-4
1.29235E15	-1.54408E-4
1.29307E15	-3.96733E-4
1.2938E15	5.58958E-4
1.29452E15	2.86903E-4
1.29525E15	3.32166E-4
1.29598E15	4.72997E-5
1.2967E15	-1.79066E-4
1.29743E15	-3.45684E-4
1.29815E15	-5.17462E-4
1.29888E15	-9.18639E-5
1.2996E15	9.67543E-4
1.30033E15	8.1663E-4
1.30105E15	4.73795E-4
1.30178E15	3.86239E-4
1.3025E15	2.25424E-4
1.30323E15	6.96189E-4
1.30395E15	9.21538E-5
1.30468E15	4.90741E-4
1.30541E15	1.51663E-4
1.30613E15	-3.71731E-4
1.30686E15	1.21215E-4
1.30758E15	-3.46303E-4
1.30831E15	-4.18924E-4
1.30903E15	2.77936E-4
1.30976E15	-2.27704E-4
1.31048E15	5.00083E-5
1.31121E15	4.92271E-4
1.31193E15	-7.19102E-5
1.31266E15	2.64363E-4
1.31339E15	1.8369E-4
1.31411E15	0.00118
1.31484E15	5.73868E-4
1.31556E15	1.06473E-4
1.31629E15	-9.3962E-6
1.31701E15	2.19909E-4
1.31774E15	9.966E-4
1.31846E15	1.15828E-4
1.31919E15	1.9255E-4
1.31991E15	-2.42808E-5
1.32064E15	4.54453E-4
1.32136E15	2.14259E-4
1.32209E15	-7.22517E-5
1.32282E15	2.58999E-4
1.32354E15	1.85072E-4
1.32427E15	-8.04392E-5
1.32499E15	2.50865E-4
1.32572E15	4.18106E-4
1.32644E15	6.16757E-4
1.32717E15	1.54927E-4
1.32789E15	7.45615E-4
1.32862E15	-1.04807E-4
1.32934E15	-3.57302E-4
1.33007E15	-3.914E-4
1.33079E15	-1.21907E-4
1.33152E15	2.18023E-5
1.33225E15	5.26465E-4
1.33297E15	-9.94148E-7
1.3337E15	-0.00109
1.33442E15	-8.48916E-4
1.33515E15	-6.13917E-4
1.33587E15	-0.00117
1.3366E15	-9.09024E-4
1.33732E15	-0.00121
1.33805E15	-0.00196
1.33877E15	-0.00151
1.3395E15	-0.00103
1.34022E15	-8.30875E-4
1.34095E15	1.69439E-4
1.34168E15	-0.00113
1.3424E15	-0.00267
1.34313E15	-3.92604E-4
1.34385E15	9.06615E-4
1.34458E15	1.02816E-4
1.3453E15	-0.00107
1.34603E15	0.00148
1.34675E15	-9.04283E-5
1.34748E15	4.27289E-4
1.3482E15	-3.74329E-4
1.34893E15	-0.00167
1.34966E15	-0.00195
1.35038E15	-0.00149
1.35111E15	-8.71583E-4
1.35183E15	-9.43634E-4
1.35256E15	-5.09785E-4
1.35328E15	-0.00119
1.35401E15	-0.00255
1.35473E15	-0.0017
1.35546E15	-0.00111
1.35618E15	-8.9256E-4
1.35691E15	2.29787E-4
1.35763E15	-3.84491E-4
1.35836E15	5.90841E-5
1.35909E15	-8.68829E-5
1.35981E15	3.76798E-5
1.36054E15	5.04133E-4
1.36126E15	1.71061E-4
1.36199E15	-1.21194E-4
1.36271E15	3.52135E-4
1.36344E15	2.07853E-4
1.36416E15	3.14434E-4
1.36489E15	-5.00055E-4
1.36561E15	-3.08422E-4
1.36634E15	-1.81481E-4
1.36706E15	1.05259E-4
1.36779E15	3.03465E-4
1.36852E15	-4.14004E-4
1.36924E15	-3.4034E-4
1.36997E15	7.11195E-4
1.37069E15	8.14643E-4
1.37142E15	-8.36207E-5
1.37214E15	-2.33056E-4
1.37287E15	-5.39391E-4
1.37359E15	1.7605E-4
1.37432E15	-2.74266E-4
1.37504E15	-1.17813E-4
1.37577E15	5.86186E-4
1.37649E15	-1.58E-4
1.37722E15	-5.99501E-4
1.37795E15	2.21311E-4
1.37867E15	4.22112E-4
1.3794E15	4.39741E-4
1.38012E15	-1.68643E-4
1.38085E15	1.28422E-4
1.38157E15	3.64512E-4
1.3823E15	1.57992E-4
1.38302E15	0.00112
1.38375E15	8.3092E-4
1.38447E15	4.60713E-4
1.3852E15	2.09356E-4
1.38593E15	-5.01201E-4
1.38665E15	4.49245E-4
1.38738E15	7.5818E-5
1.3881E15	4.56074E-4
1.38883E15	0.0011
1.38955E15	6.7313E-4
1.39028E15	6.80229E-5
1.391E15	5.32436E-4
1.39173E15	3.78285E-4
1.39245E15	-2.44972E-4
1.39318E15	-5.73448E-4
1.3939E15	-8.74571E-5
1.39463E15	2.87537E-4
1.39536E15	-3.22226E-4
1.39608E15	-2.85121E-4
1.39681E15	-3.94758E-4
1.39753E15	3.5256E-4
1.39826E15	8.71333E-4
1.39898E15	6.41136E-4
1.39971E15	-5.35839E-5
1.40043E15	3.8918E-4
1.40116E15	-6.62237E-4
1.40188E15	-5.11614E-4
1.40261E15	7.27543E-5
1.40333E15	-2.97198E-4
1.40406E15	-2.0347E-5
1.40479E15	-1.15278E-5
1.40551E15	6.33325E-4
1.40624E15	-5.49666E-4
1.40696E15	2.14486E-5
1.40769E15	-4.5695E-5
1.40841E15	-8.76008E-5
1.40914E15	1.35395E-4
1.40986E15	-3.42388E-5
1.41059E15	-2.89745E-4
1.41131E15	-9.85145E-5
1.41204E15	-1.11674E-4
1.41276E15	6.54816E-5
1.41349E15	-4.59811E-4
1.41422E15	-5.98812E-5
1.41494E15	1.84416E-4
1.41567E15	1.09526E-4
1.41639E15	-4.0699E-4
1.41712E15	1.85665E-5
1.41784E15	8.10296E-5
1.41857E15	3.16266E-4
1.41929E15	-1.12613E-4
1.42002E15	3.08682E-4
1.42074E15	4.8212E-4
1.42147E15	6.2599E-4
1.4222E15	7.2836E-4
1.42292E15	0.00103
1.42365E15	1.8457E-4
1.42437E15	9.54132E-4
1.4251E15	2.87381E-4
1.42582E15	4.64598E-4
1.42655E15	2.94069E-4
1.42727E15	2.04675E-4
1.428E15	2.22732E-4
1.42872E15	-1.73684E-4
1.42945E15	1.85601E-4
1.43017E15	1.49941E-4
1.4309E15	-3.31053E-4
1.43163E15	-3.22624E-4
1.43235E15	1.27888E-4
1.43308E15	7.53795E-4
1.4338E15	-2.12907E-4
1.43453E15	-4.70799E-4
1.43525E15	-3.41207E-5
1.43598E15	2.91099E-4
1.4367E15	-3.1816E-4
1.43743E15	-5.90721E-4
1.43815E15	1.16983E-4
1.43888E15	4.31939E-4
1.4396E15	1.75621E-4
1.44033E15	4.5365E-5
1.44106E15	5.4364E-5