Frequency (Hz)  beta (rad/m)
2.5E13	-0.02227
2.55E13	-0.01769
2.6E13	-0.00975
2.65E13	-0.00232
2.7E13	0.00106
2.75E13	0.00773
2.8E13	0.00834
2.85E13	0.01019
2.9E13	0.01133
2.95E13	0.00971
3E13	0.01155
3.05E13	0.00766
3.1E13	0.00383
3.15E13	1.8918E-4
3.2E13	-0.00529
3.25E13	-0.00821
3.3E13	-0.01598
3.35E13	-0.02151
3.4E13	-0.02694
3.45E13	-0.03546
3.5E13	-0.03892
3.55E13	-0.04473
3.6E13	-0.04599
3.65E13	-0.04821
3.7E13	-0.04698
3.75E13	-0.04413
3.8E13	-0.04084
3.85E13	-0.03675
3.9E13	-0.03438
3.95E13	-0.03514
4E13	-0.03414
4.05E13	-0.03908
4.1E13	-0.04415
4.15E13	-0.05229
4.2E13	-0.05961
4.25E13	-0.06747
4.3E13	-0.07706
4.35E13	-0.08543
4.4E13	-0.09363
4.45E13	-0.10169
4.5E13	-0.1103
4.55E13	-0.11635
4.6E13	-0.12374
4.65E13	-0.13135
4.7E13	-0.13651
4.75E13	-0.14108
4.8E13	-0.14775
4.85E13	-0.15337
4.9E13	-0.15909
4.95E13	-0.16389
5E13	-0.1696
5.05E13	-0.17394
5.1E13	-0.17979
5.15E13	-0.18181
5.2E13	-0.1887
5.25E13	-0.19121
5.3E13	-0.19712
5.35E13	-0.20097
5.4E13	-0.20522
5.45E13	-0.20729
5.5E13	-0.2091
5.55E13	-0.21488
5.6E13	-0.22029
5.65E13	-0.22081
5.7E13	-0.22677
5.75E13	-0.22921
5.8E13	-0.23191
5.85E13	-0.23266
5.9E13	-0.23705
5.95E13	-0.23932
6E13	-0.24037
6.05E13	-0.24318
6.1E13	-0.24519
6.15E13	-0.24483
6.2E13	-0.24713
6.25E13	-0.24716
6.3E13	-0.24801
6.35E13	-0.24649
6.4E13	-0.2435
6.45E13	-0.24165
6.5E13	-0.23774
6.55E13	-0.2316
6.6E13	-0.22785
6.65E13	-0.21551
6.7E13	-0.1976
6.75E13	-0.18026
6.8E13	-0.16514
6.85E13	-0.14773
6.9E13	-0.13014
6.95E13	-0.11264
7E13	-0.09671
7.05E13	-0.08472
7.1E13	-0.07468
7.15E13	-0.06816
7.2E13	-0.06844
7.25E13	-0.07242
7.3E13	-0.07934
7.35E13	-0.0845
7.4E13	-0.09228
7.45E13	-0.10316
7.5E13	-0.11056
7.55E13	-0.12073
7.6E13	-0.12807
7.65E13	-0.13703
7.7E13	-0.14113
7.75E13	-0.1493
7.8E13	-0.15795
7.85E13	-0.16277
7.9E13	-0.16697
7.95E13	-0.17452
8E13	-0.17995
8.05E13	-0.18393
8.1E13	-0.18548
8.15E13	-0.19183
8.2E13	-0.19513
8.25E13	-0.19736
8.3E13	-0.20076
8.35E13	-0.20407
8.4E13	-0.20496
8.45E13	-0.20935
8.5E13	-0.21177
8.55E13	-0.21411
8.6E13	-0.21494
8.65E13	-0.21607
8.7E13	-0.21933
8.75E13	-0.22195
8.8E13	-0.22375
8.85E13	-0.22482
8.9E13	-0.2265
8.95E13	-0.22768
9E13	-0.22959
9.05E13	-0.23057
9.1E13	-0.23039
9.15E13	-0.23054
9.2E13	-0.23128
9.25E13	-0.23119
9.3E13	-0.23185
9.35E13	-0.2297
9.4E13	-0.23251
9.45E13	-0.23051
9.5E13	-0.23066
9.55E13	-0.22123
9.6E13	-0.21147
9.65E13	-0.20644
9.7E13	-0.20337
9.75E13	-0.20108
9.8E13	-0.1972
9.85E13	-0.19114
9.9E13	-0.18581
9.95E13	-0.18034
1E14	-0.16736
1.005E14	-0.15761
1.01E14	-0.14763
1.015E14	-0.13507
1.02E14	-0.12189
1.025E14	-0.10845
1.03E14	-0.09867
1.035E14	-0.09102
1.04E14	-0.08675
1.045E14	-0.08573
1.05E14	-0.08378
1.055E14	-0.08662
1.06E14	-0.09153
1.065E14	-0.09863
1.07E14	-0.10377
1.075E14	-0.11039
1.08E14	-0.11909
1.085E14	-0.12303
1.09E14	-0.13049
1.095E14	-0.13142
1.1E14	-0.1405
1.105E14	-0.14185
1.11E14	-0.14536
1.115E14	-0.14842
1.12E14	-0.153
1.125E14	-0.15598
1.13E14	-0.15886
1.135E14	-0.16012
1.14E14	-0.16035
1.145E14	-0.16303
1.15E14	-0.16618
1.155E14	-0.16624
1.16E14	-0.16565
1.165E14	-0.17083
1.17E14	-0.17241
1.175E14	-0.17142
1.18E14	-0.16919
1.185E14	-0.1734
1.19E14	-0.17156
1.195E14	-0.17404
1.2E14	-0.17316
1.205E14	-0.17206
1.21E14	-0.17456
1.215E14	-0.17283
1.22E14	-0.17084
1.225E14	-0.17055
1.23E14	-0.17323
1.235E14	-0.17216
1.24E14	-0.16853
1.245E14	-0.17005
1.25E14	-0.16753
1.255E14	-0.16676
1.26E14	-0.1645
1.265E14	-0.16461
1.27E14	-0.16203
1.275E14	-0.15581
1.28E14	-0.15443
1.285E14	-0.15364
1.29E14	-0.14781
1.295E14	-0.14345
1.3E14	-0.13837
1.305E14	-0.12977
1.31E14	-0.12587
1.315E14	-0.11789
1.32E14	-0.10448
1.325E14	-0.09762
1.33E14	-0.089
1.335E14	-0.08225
1.34E14	-0.07555
1.345E14	-0.07315
1.35E14	-0.07335
1.355E14	-0.07427
1.36E14	-0.07578
1.365E14	-0.07648
1.37E14	-0.08004
1.375E14	-0.08361
1.38E14	-0.08846
1.385E14	-0.09001
1.39E14	-0.09127
1.395E14	-0.09247
1.4E14	-0.0946
1.405E14	-0.09729
1.41E14	-0.09946
1.415E14	-0.10059
1.42E14	-0.10025
1.425E14	-0.10243
1.43E14	-0.08915
1.435E14	-0.07808
1.44E14	-0.0775
1.445E14	-0.08401
1.45E14	-0.08441
1.455E14	-0.08819
1.46E14	-0.08615
1.465E14	-0.08815
1.47E14	-0.08763
1.475E14	-0.08562
1.48E14	-0.08422
1.485E14	-0.0863
1.49E14	-0.08626
1.495E14	-0.08535
1.5E14	-0.08324