Frequency (Hz)  beta (rad/m)
2.5E13	-0.2961
2.55E13	-0.2956
2.6E13	-0.29324
2.65E13	-0.29014
2.7E13	-0.28704
2.75E13	-0.28196
2.8E13	-0.27577
2.85E13	-0.27128
2.9E13	-0.26294
2.95E13	-0.2543
3E13	-0.24697
3.05E13	-0.23722
3.1E13	-0.2289
3.15E13	-0.22002
3.2E13	-0.21001
3.25E13	-0.20159
3.3E13	-0.19245
3.35E13	-0.18551
3.4E13	-0.17825
3.45E13	-0.17193
3.5E13	-0.16721
3.55E13	-0.16097
3.6E13	-0.15699
3.65E13	-0.15467
3.7E13	-0.15172
3.75E13	-0.15053
3.8E13	-0.14639
3.85E13	-0.14322
3.9E13	-0.13927
3.95E13	-0.13611
4E13	-0.13468
4.05E13	-0.1287
4.1E13	-0.12828
4.15E13	-0.12611
4.2E13	-0.12804
4.25E13	-0.12946
4.3E13	-0.13006
4.35E13	-0.13319
4.4E13	-0.13502
4.45E13	-0.13835
4.5E13	-0.14255
4.55E13	-0.14432
4.6E13	-0.14812
4.65E13	-0.15419
4.7E13	-0.15918
4.75E13	-0.16561
4.8E13	-0.16682
4.85E13	-0.17256
4.9E13	-0.17702
4.95E13	-0.17897
5E13	-0.18403
5.05E13	-0.18778
5.1E13	-0.19392
5.15E13	-0.19698
5.2E13	-0.201
5.25E13	-0.20719
5.3E13	-0.20991
5.35E13	-0.2135
5.4E13	-0.21958
5.45E13	-0.22174
5.5E13	-0.22797
5.55E13	-0.23106
5.6E13	-0.23546
5.65E13	-0.24297
5.7E13	-0.24611
5.75E13	-0.25195
5.8E13	-0.2576
5.85E13	-0.26212
5.9E13	-0.26755
5.95E13	-0.27181
6E13	-0.27845
6.05E13	-0.28144
6.1E13	-0.29107
6.15E13	-0.2986
6.2E13	-0.30527
6.25E13	-0.30919
6.3E13	-0.31876
6.35E13	-0.32467
6.4E13	-0.33378
6.45E13	-0.34046
6.5E13	-0.34877
6.55E13	-0.35627
6.6E13	-0.36459
6.65E13	-0.37509
6.7E13	-0.38591
6.75E13	-0.39756
6.8E13	-0.40393
6.85E13	-0.40643
6.9E13	-0.40747
6.95E13	-0.40841
7E13	-0.40271
7.05E13	-0.39321
7.1E13	-0.3808
7.15E13	-0.36756
7.2E13	-0.3537
7.25E13	-0.34074
7.3E13	-0.32881
7.35E13	-0.31807
7.4E13	-0.31114
7.45E13	-0.30664
7.5E13	-0.30328
7.55E13	-0.30459
7.6E13	-0.30332
7.65E13	-0.30435
7.7E13	-0.30712
7.75E13	-0.30928
7.8E13	-0.31163
7.85E13	-0.31556
7.9E13	-0.32083
7.95E13	-0.32389
8E13	-0.3265
8.05E13	-0.33205
8.1E13	-0.33662
8.15E13	-0.34062
8.2E13	-0.34522
8.25E13	-0.34969
8.3E13	-0.35473
8.35E13	-0.35935
8.4E13	-0.36383
8.45E13	-0.36838
8.5E13	-0.37317
8.55E13	-0.37688
8.6E13	-0.38333
8.65E13	-0.38805
8.7E13	-0.3907
8.75E13	-0.39715
8.8E13	-0.4028
8.85E13	-0.40748
8.9E13	-0.41348
8.95E13	-0.41764
9E13	-0.42312
9.05E13	-0.42784
9.1E13	-0.43539
9.15E13	-0.44137
9.2E13	-0.44684
9.25E13	-0.45178
9.3E13	-0.45746
9.35E13	-0.46644
9.4E13	-0.47058
9.45E13	-0.47695
9.5E13	-0.48586
9.55E13	-0.49651
9.6E13	-0.50545
9.65E13	-0.51444
9.7E13	-0.52288
9.75E13	-0.52894
9.8E13	-0.53501
9.85E13	-0.54045
9.9E13	-0.54717
9.95E13	-0.55114
1E14	-0.55442
1.005E14	-0.55684
1.01E14	-0.55715
1.015E14	-0.5551
1.02E14	-0.54995
1.025E14	-0.54087
1.03E14	-0.52821
1.035E14	-0.51244
1.04E14	-0.49578
1.045E14	-0.47676
1.05E14	-0.45472
1.055E14	-0.43536
1.06E14	-0.41799
1.065E14	-0.40334
1.07E14	-0.38989
1.075E14	-0.38015
1.08E14	-0.37097
1.085E14	-0.36715
1.09E14	-0.3615
1.095E14	-0.35891
1.1E14	-0.35739
1.105E14	-0.35635
1.11E14	-0.35712
1.115E14	-0.36071
1.12E14	-0.36323
1.125E14	-0.36443
1.13E14	-0.36718
1.135E14	-0.36942
1.14E14	-0.37532
1.145E14	-0.37563
1.15E14	-0.38063
1.155E14	-0.38451
1.16E14	-0.38636
1.165E14	-0.39119
1.17E14	-0.39678
1.175E14	-0.39799
1.18E14	-0.40132
1.185E14	-0.40317
1.19E14	-0.4102
1.195E14	-0.4107
1.2E14	-0.41513
1.205E14	-0.41818
1.21E14	-0.42224
1.215E14	-0.42545
1.22E14	-0.42837
1.225E14	-0.43119
1.23E14	-0.43518
1.235E14	-0.43719
1.24E14	-0.44087
1.245E14	-0.4464
1.25E14	-0.44744
1.255E14	-0.45024
1.26E14	-0.45379
1.265E14	-0.45694
1.27E14	-0.45974
1.275E14	-0.46258
1.28E14	-0.46719
1.285E14	-0.47002
1.29E14	-0.47271
1.295E14	-0.4775
1.3E14	-0.47904
1.305E14	-0.48256
1.31E14	-0.48539
1.315E14	-0.4861
1.32E14	-0.4907
1.325E14	-0.49053
1.33E14	-0.48914
1.335E14	-0.48935
1.34E14	-0.48644
1.345E14	-0.48435
1.35E14	-0.48474
1.355E14	-0.48218
1.36E14	-0.4817
1.365E14	-0.4799
1.37E14	-0.47952
1.375E14	-0.47973
1.38E14	-0.48273
1.385E14	-0.48287
1.39E14	-0.48486
1.395E14	-0.48614
1.4E14	-0.48593
1.405E14	-0.48783
1.41E14	-0.49052
1.415E14	-0.49337
1.42E14	-0.49494
1.425E14	-0.49684
1.43E14	-0.50096
1.435E14	-0.50614
1.44E14	-0.50988
1.445E14	-0.5094
1.45E14	-0.50826
1.455E14	-0.50893
1.46E14	-0.51256
1.465E14	-0.51487
1.47E14	-0.51791
1.475E14	-0.51894
1.48E14	-0.51976
1.485E14	-0.5212
1.49E14	-0.52428
1.495E14	-0.52306
1.5E14	-0.52731