Frequency (Hz)  beta (rad/m)
2.5E13	-0.19893
2.55E13	-0.18389
2.6E13	-0.18116
2.65E13	-0.17586
2.7E13	-0.16921
2.75E13	-0.17268
2.8E13	-0.16313
2.85E13	-0.16197
2.9E13	-0.16168
2.95E13	-0.15874
3E13	-0.16387
3.05E13	-0.15759
3.1E13	-0.16215
3.15E13	-0.16584
3.2E13	-0.16841
3.25E13	-0.17779
3.3E13	-0.17664
3.35E13	-0.18095
3.4E13	-0.18442
3.45E13	-0.1867
3.5E13	-0.1966
3.55E13	-0.19512
3.6E13	-0.20399
3.65E13	-0.20841
3.7E13	-0.21223
3.75E13	-0.2236
3.8E13	-0.22559
3.85E13	-0.23315
3.9E13	-0.2392
3.95E13	-0.24542
4E13	-0.25613
4.05E13	-0.25697
4.1E13	-0.26459
4.15E13	-0.2695
4.2E13	-0.27397
4.25E13	-0.28466
4.3E13	-0.28752
4.35E13	-0.2918
4.4E13	-0.29719
4.45E13	-0.29861
4.5E13	-0.30733
4.55E13	-0.30782
4.6E13	-0.31341
4.65E13	-0.3207
4.7E13	-0.33021
4.75E13	-0.34431
4.8E13	-0.34237
4.85E13	-0.34593
4.9E13	-0.34442
4.95E13	-0.34771
5E13	-0.35397
5.05E13	-0.35152
5.1E13	-0.35503
5.15E13	-0.36128
5.2E13	-0.35938
5.25E13	-0.36255
5.3E13	-0.36253
5.35E13	-0.36443
5.4E13	-0.3674
5.45E13	-0.36755
5.5E13	-0.3742
5.55E13	-0.37249
5.6E13	-0.3757
5.65E13	-0.37789
5.7E13	-0.37789
5.75E13	-0.38405
5.8E13	-0.38164
5.85E13	-0.38586
5.9E13	-0.38875
5.95E13	-0.39096
6E13	-0.39318
6.05E13	-0.39358
6.1E13	-0.39419
6.15E13	-0.39717
6.2E13	-0.39698
6.25E13	-0.40187
6.3E13	-0.40223
6.35E13	-0.40383
6.4E13	-0.40798
6.45E13	-0.41051
6.5E13	-0.41271
6.55E13	-0.41233
6.6E13	-0.41591
6.65E13	-0.42245
6.7E13	-0.43509
6.75E13	-0.45045
6.8E13	-0.45014
6.85E13	-0.45202
6.9E13	-0.45366
6.95E13	-0.45387
7E13	-0.45605
7.05E13	-0.45624
7.1E13	-0.4561
7.15E13	-0.45875
7.2E13	-0.46013
7.25E13	-0.4621
7.3E13	-0.46187
7.35E13	-0.46221
7.4E13	-0.46348
7.45E13	-0.46378
7.5E13	-0.46634
7.55E13	-0.4673
7.6E13	-0.46674
7.65E13	-0.46905
7.7E13	-0.46899
7.75E13	-0.47189
7.8E13	-0.47096
7.85E13	-0.47332
7.9E13	-0.47648
7.95E13	-0.47499
8E13	-0.47605
8.05E13	-0.47767
8.1E13	-0.48009
8.15E13	-0.48093
8.2E13	-0.47976
8.25E13	-0.48197
8.3E13	-0.48146
8.35E13	-0.48194
8.4E13	-0.48774
8.45E13	-0.48514
8.5E13	-0.48878
8.55E13	-0.48785
8.6E13	-0.48989
8.65E13	-0.49023
8.7E13	-0.49525
8.75E13	-0.49188
8.8E13	-0.49502
8.85E13	-0.49471
8.9E13	-0.49543
8.95E13	-0.49816
9E13	-0.49751
9.05E13	-0.49957
9.1E13	-0.50163
9.15E13	-0.50388
9.2E13	-0.5056
9.25E13	-0.50545
9.3E13	-0.50643
9.35E13	-0.50718
9.4E13	-0.50703
9.45E13	-0.51194
9.5E13	-0.51142
9.55E13	-0.52384
9.6E13	-0.53947
9.65E13	-0.5481
9.7E13	-0.55049
9.75E13	-0.54982
9.8E13	-0.5505
9.85E13	-0.55172
9.9E13	-0.55231
9.95E13	-0.55308
1E14	-0.55194
1.005E14	-0.55397
1.01E14	-0.55445
1.015E14	-0.55463
1.02E14	-0.55492
1.025E14	-0.55863
1.03E14	-0.55755
1.035E14	-0.55815
1.04E14	-0.558
1.045E14	-0.5577
1.05E14	-0.55891
1.055E14	-0.55796
1.06E14	-0.5597
1.065E14	-0.56251
1.07E14	-0.56175
1.075E14	-0.56521
1.08E14	-0.56314
1.085E14	-0.5628
1.09E14	-0.56583
1.095E14	-0.56334
1.1E14	-0.56553
1.105E14	-0.56589
1.11E14	-0.56673
1.115E14	-0.56667
1.12E14	-0.56811
1.125E14	-0.56823
1.13E14	-0.56833
1.135E14	-0.57287
1.14E14	-0.57174
1.145E14	-0.57079
1.15E14	-0.57166
1.155E14	-0.57364
1.16E14	-0.57251
1.165E14	-0.5746
1.17E14	-0.57627
1.175E14	-0.57759
1.18E14	-0.57567
1.185E14	-0.57875
1.19E14	-0.57844
1.195E14	-0.57583
1.2E14	-0.57809
1.205E14	-0.57948
1.21E14	-0.57995
1.215E14	-0.57941
1.22E14	-0.58146
1.225E14	-0.58194
1.23E14	-0.58366
1.235E14	-0.58132
1.24E14	-0.58202
1.245E14	-0.58564
1.25E14	-0.58383
1.255E14	-0.58513
1.26E14	-0.58587
1.265E14	-0.58731
1.27E14	-0.58935
1.275E14	-0.58659
1.28E14	-0.58751
1.285E14	-0.5897
1.29E14	-0.59015
1.295E14	-0.59226
1.3E14	-0.59068
1.305E14	-0.59285
1.31E14	-0.59201
1.315E14	-0.59226
1.32E14	-0.59392
1.325E14	-0.59423
1.33E14	-0.60045
1.335E14	-0.59765
1.34E14	-0.59552
1.345E14	-0.59691
1.35E14	-0.59685
1.355E14	-0.59989
1.36E14	-0.60104
1.365E14	-0.60084
1.37E14	-0.59975
1.375E14	-0.60145
1.38E14	-0.59909
1.385E14	-0.6046
1.39E14	-0.60405
1.395E14	-0.60323
1.4E14	-0.60547
1.405E14	-0.605
1.41E14	-0.60537
1.415E14	-0.60986
1.42E14	-0.60991
1.425E14	-0.61003
1.43E14	-0.62529
1.435E14	-0.64225
1.44E14	-0.64585
1.445E14	-0.63715
1.45E14	-0.63242
1.455E14	-0.63323
1.46E14	-0.63339
1.465E14	-0.63241
1.47E14	-0.6356
1.475E14	-0.63372
1.48E14	-0.63754
1.485E14	-0.63519
1.49E14	-0.63605
1.495E14	-0.63699
1.5E14	-0.63617