Frequency (Hz)  beta (rad/m)
2.5E13	-0.22962
2.55E13	-0.21435
2.6E13	-0.21205
2.65E13	-0.20733
2.7E13	-0.19984
2.75E13	-0.20422
2.8E13	-0.19581
2.85E13	-0.19631
2.9E13	-0.19616
2.95E13	-0.19471
3E13	-0.20184
3.05E13	-0.19959
3.1E13	-0.20419
3.15E13	-0.20954
3.2E13	-0.21486
3.25E13	-0.22854
3.3E13	-0.22871
3.35E13	-0.23706
3.4E13	-0.24393
3.45E13	-0.24885
3.5E13	-0.26197
3.55E13	-0.26579
3.6E13	-0.27547
3.65E13	-0.28683
3.7E13	-0.29379
3.75E13	-0.30935
3.8E13	-0.31278
3.85E13	-0.32471
3.9E13	-0.33529
3.95E13	-0.34232
4E13	-0.35634
4.05E13	-0.36196
4.1E13	-0.373
4.15E13	-0.37964
4.2E13	-0.3871
4.25E13	-0.39718
4.3E13	-0.40239
4.35E13	-0.40883
4.4E13	-0.41527
4.45E13	-0.41901
4.5E13	-0.42863
4.55E13	-0.43242
4.6E13	-0.43781
4.65E13	-0.44444
4.7E13	-0.4541
4.75E13	-0.46627
4.8E13	-0.46684
4.85E13	-0.47197
4.9E13	-0.47199
4.95E13	-0.47651
5E13	-0.48123
5.05E13	-0.47966
5.1E13	-0.4838
5.15E13	-0.48939
5.2E13	-0.48822
5.25E13	-0.49333
5.3E13	-0.49296
5.35E13	-0.49439
5.4E13	-0.50006
5.45E13	-0.50115
5.5E13	-0.50384
5.55E13	-0.50628
5.6E13	-0.50836
5.65E13	-0.51081
5.7E13	-0.51167
5.75E13	-0.51507
5.8E13	-0.51461
5.85E13	-0.51561
5.9E13	-0.51812
5.95E13	-0.51807
6E13	-0.5191
6.05E13	-0.51594
6.1E13	-0.51705
6.15E13	-0.51664
6.2E13	-0.514
6.25E13	-0.51461
6.3E13	-0.51059
6.35E13	-0.50633
6.4E13	-0.50084
6.45E13	-0.49534
6.5E13	-0.48751
6.55E13	-0.479
6.6E13	-0.46512
6.65E13	-0.45381
6.7E13	-0.44367
6.75E13	-0.43233
6.8E13	-0.40846
6.85E13	-0.38359
6.9E13	-0.35708
6.95E13	-0.3307
7E13	-0.30441
7.05E13	-0.27746
7.1E13	-0.25651
7.15E13	-0.23775
7.2E13	-0.2263
7.25E13	-0.22047
7.3E13	-0.21919
7.35E13	-0.22082
7.4E13	-0.22953
7.45E13	-0.23944
7.5E13	-0.25444
7.55E13	-0.26583
7.6E13	-0.27941
7.65E13	-0.29244
7.7E13	-0.30885
7.75E13	-0.32175
7.8E13	-0.33354
7.85E13	-0.34702
7.9E13	-0.35838
7.95E13	-0.36937
8E13	-0.38316
8.05E13	-0.39064
8.1E13	-0.39844
8.15E13	-0.40795
8.2E13	-0.41593
8.25E13	-0.42208
8.3E13	-0.43026
8.35E13	-0.43646
8.4E13	-0.44085
8.45E13	-0.44672
8.5E13	-0.45797
8.55E13	-0.45853
8.6E13	-0.46465
8.65E13	-0.46715
8.7E13	-0.47147
8.75E13	-0.47751
8.8E13	-0.48068
8.85E13	-0.48428
8.9E13	-0.4876
8.95E13	-0.4931
9E13	-0.49703
9.05E13	-0.50001
9.1E13	-0.50285
9.15E13	-0.50555
9.2E13	-0.51081
9.25E13	-0.51183
9.3E13	-0.51268
9.35E13	-0.517
9.4E13	-0.51887
9.45E13	-0.52083
9.5E13	-0.52526
9.55E13	-0.5378
9.6E13	-0.55595
9.65E13	-0.55897
9.7E13	-0.56396
9.75E13	-0.56581
9.8E13	-0.56734
9.85E13	-0.56713
9.9E13	-0.57001
9.95E13	-0.56832
1E14	-0.57247
1.005E14	-0.5732
1.01E14	-0.57373
1.015E14	-0.57647
1.02E14	-0.5774
1.025E14	-0.57967
1.03E14	-0.58076
1.035E14	-0.58096
1.04E14	-0.5804
1.045E14	-0.58192
1.05E14	-0.58412
1.055E14	-0.58359
1.06E14	-0.58468
1.065E14	-0.58503
1.07E14	-0.58922
1.075E14	-0.58716
1.08E14	-0.58866
1.085E14	-0.58821
1.09E14	-0.58903
1.095E14	-0.59244
1.1E14	-0.59212
1.105E14	-0.59096
1.11E14	-0.5935
1.115E14	-0.59453
1.12E14	-0.59122
1.125E14	-0.59335
1.13E14	-0.59487
1.135E14	-0.59742
1.14E14	-0.59519
1.145E14	-0.59667
1.15E14	-0.59539
1.155E14	-0.59405
1.16E14	-0.59547
1.165E14	-0.59684
1.17E14	-0.59643
1.175E14	-0.59703
1.18E14	-0.5956
1.185E14	-0.59666
1.19E14	-0.596
1.195E14	-0.595
1.2E14	-0.59682
1.205E14	-0.59568
1.21E14	-0.59558
1.215E14	-0.59459
1.22E14	-0.59339
1.225E14	-0.59245
1.23E14	-0.5911
1.235E14	-0.58822
1.24E14	-0.5855
1.245E14	-0.58722
1.25E14	-0.58068
1.255E14	-0.57841
1.26E14	-0.57483
1.265E14	-0.56972
1.27E14	-0.56517
1.275E14	-0.5599
1.28E14	-0.55159
1.285E14	-0.54342
1.29E14	-0.53504
1.295E14	-0.5246
1.3E14	-0.51257
1.305E14	-0.50138
1.31E14	-0.48325
1.315E14	-0.46964
1.32E14	-0.45275
1.325E14	-0.43335
1.33E14	-0.42317
1.335E14	-0.40723
1.34E14	-0.39787
1.345E14	-0.39466
1.35E14	-0.39365
1.355E14	-0.39677
1.36E14	-0.40647
1.365E14	-0.41676
1.37E14	-0.4326
1.375E14	-0.44801
1.38E14	-0.46479
1.385E14	-0.47733
1.39E14	-0.48955
1.395E14	-0.50567
1.4E14	-0.51697
1.405E14	-0.52434
1.41E14	-0.53419
1.415E14	-0.54377
1.42E14	-0.55385
1.425E14	-0.55876
1.43E14	-0.5807
1.435E14	-0.60296
1.44E14	-0.6141
1.445E14	-0.60879
1.45E14	-0.60812
1.455E14	-0.6114
1.46E14	-0.61283
1.465E14	-0.61584
1.47E14	-0.62376
1.475E14	-0.61983
1.48E14	-0.62264
1.485E14	-0.62676
1.49E14	-0.62761
1.495E14	-0.62992
1.5E14	-0.63301