Frequency (Hz)  beta (rad/m)
2.5E13	-624.89584
2.55E13	-571.11913
2.6E13	-560.97657
2.65E13	-549.98742
2.7E13	-542.56465
2.75E13	-559.56583
2.8E13	-546.14205
2.85E13	-565.30681
2.9E13	-599.34357
2.95E13	-636.71206
3E13	-636.16639
3.05E13	-678.2438
3.1E13	-708.20752
3.15E13	-745.90405
3.2E13	-792.12094
3.25E13	-836.00325
3.3E13	-835.97525
3.35E13	-864.00509
3.4E13	-863.13475
3.45E13	-819.38354
3.5E13	-773.71854
3.55E13	-725.79828
3.6E13	-672.21829
3.65E13	-580.47184
3.7E13	-489.48818
3.75E13	-400.32889
3.8E13	-254.00803
3.85E13	-85.92865
3.9E13	-42.00606
3.95E13	41.49507
4E13	184.05331
4.05E13	242.3784
4.1E13	221.25512
4.15E13	327.92264
4.2E13	283.97523
4.25E13	188.74263
4.3E13	-284.17899
4.35E13	-121.57827
4.4E13	-545.88067
4.45E13	-744.77691
4.5E13	-1289.12658
4.55E13	-1875.04299
4.6E13	-2204.52054
4.65E13	-2699.20988
4.7E13	-2882.63297
4.75E13	-2955.05356
4.8E13	-3303.69332
4.85E13	-3279.78932
4.9E13	-3354.93576
4.95E13	-3292.84164
5E13	-3226.73798
5.05E13	-3037.37303
5.1E13	-3042.82531
5.15E13	-2862.33597
5.2E13	-2929.78404
5.25E13	-2847.16139
5.3E13	-2743.27187
5.35E13	-2624.63714
5.4E13	-2467.19115
5.45E13	-2422.3114
5.5E13	-2360.21108
5.55E13	-2242.83623
5.6E13	-2135.17705
5.65E13	-2068.76679
5.7E13	-1959.83546
5.75E13	-1886.29847
5.8E13	-1785.79838
5.85E13	-1743.88815
5.9E13	-1661.67204
5.95E13	-1621.33322
6E13	-1530.60401
6.05E13	-1470.12959
6.1E13	-1404.02925
6.15E13	-1361.01901
6.2E13	-1268.60583
6.25E13	-1194.51229
6.3E13	-1125.70281
6.35E13	-1057.08058
6.4E13	-1011.91168
6.45E13	-952.83116
6.5E13	-876.32803
6.55E13	-812.06572
6.6E13	-748.77185
6.65E13	-670.91715
6.7E13	-608.1126
6.75E13	-536.96266
6.8E13	-460.73455
6.85E13	-387.16688
6.9E13	-315.33099
6.95E13	-236.59798
7E13	-159.77265
7.05E13	-78.59444
7.1E13	11.48046
7.15E13	94.17394
7.2E13	169.8735
7.25E13	270.63165
7.3E13	359.28868
7.35E13	441.9963
7.4E13	523.51996
7.45E13	587.97796
7.5E13	648.10836
7.55E13	763.7226
7.6E13	783.25526
7.65E13	720.64487
7.7E13	727.33953
7.75E13	673.10988
7.8E13	294.49659
7.85E13	58.79618
7.9E13	-301.54423
7.95E13	-653.59924
8E13	-1203.13328
8.05E13	-1640.24895
8.1E13	-2053.53884
8.15E13	-2499.49205
8.2E13	-2698.59081
8.25E13	-2859.29149
8.3E13	-3055.45595
8.35E13	-3107.7184
8.4E13	-3112.79704
8.45E13	-2908.21775
8.5E13	-2945.76697
8.55E13	-2848.99505
8.6E13	-2718.76868
8.65E13	-2654.6484
8.7E13	-2591.03635
8.75E13	-2509.55371
8.8E13	-2354.81874
8.85E13	-2274.17682
8.9E13	-2154.24691
8.95E13	-2110.00218
9E13	-2006.38876
9.05E13	-1940.79222
9.1E13	-1845.79054
9.15E13	-1801.59113
9.2E13	-1732.47685
9.25E13	-1617.92258
9.3E13	-1572.87524
9.35E13	-1489.30212
9.4E13	-1402.088
9.45E13	-1338.29332
9.5E13	-1284.44314
9.55E13	-1216.83874
9.6E13	-1140.47455
9.65E13	-1103.24375
9.7E13	-1019.18412
9.75E13	-953.69115
9.8E13	-895.14594
9.85E13	-823.98937
9.9E13	-758.29372
9.95E13	-694.24424
1E14	-632.92625
1.005E14	-563.77482
1.01E14	-485.31399
1.015E14	-415.98272
1.02E14	-345.39077
1.025E14	-273.26111
1.03E14	-190.23678
1.035E14	-127.10894
1.04E14	-35.86615
1.045E14	57.85435
1.05E14	121.04547
1.055E14	208.82306
1.06E14	291.54139
1.065E14	395.93181
1.07E14	431.43717
1.075E14	507.63538
1.08E14	534.12248
1.085E14	634.58859
1.09E14	704.56683
1.095E14	707.83262
1.1E14	478.99014
1.105E14	546.63099
1.11E14	139.46381
1.115E14	-171.69579
1.12E14	-436.59609
1.125E14	-807.71958
1.13E14	-1285.39057
1.135E14	-1541.06068
1.14E14	-2020.05368
1.145E14	-2448.89935
1.15E14	-2578.0659
1.155E14	-2661.72436
1.16E14	-2782.62957
1.165E14	-2781.94467
1.17E14	-2748.99814
1.175E14	-2662.50243
1.18E14	-2589.87286
1.185E14	-2560.16309
1.19E14	-2522.44715
1.195E14	-2433.18103
1.2E14	-2207.04478
1.205E14	-2235.37446
1.21E14	-2127.80503
1.215E14	-2012.44073
1.22E14	-1918.58376
1.225E14	-1944.92895
1.23E14	-1843.23606
1.235E14	-1685.62781
1.24E14	-1642.74651
1.245E14	-1561.33864
1.25E14	-1436.01014
1.255E14	-1410.29353
1.26E14	-1340.64715
1.265E14	-1281.12333
1.27E14	-1175.1274
1.275E14	-1136.01203
1.28E14	-1052.20655
1.285E14	-970.7637
1.29E14	-899.87341
1.295E14	-847.43282
1.3E14	-762.82493
1.305E14	-702.05641
1.31E14	-624.98572
1.315E14	-545.69074
1.32E14	-477.2722
1.325E14	-386.44652
1.33E14	-338.25742
1.335E14	-226.28432
1.34E14	-153.44757
1.345E14	-94.65311
1.35E14	-2.1839
1.355E14	102.48578
1.36E14	196.2741
1.365E14	208.54725
1.37E14	299.67747
1.375E14	349.49173
1.38E14	356.15243
1.385E14	501.09609
1.39E14	482.69327
1.395E14	336.74386
1.4E14	350.67954
1.405E14	124.99686
1.41E14	-86.56936
1.415E14	-102.80469
1.42E14	-332.97746
1.425E14	-938.74183
1.43E14	-1306.95106
1.435E14	-1599.71211
1.44E14	-1835.94498
1.445E14	-2273.19461
1.45E14	-2425.68589
1.455E14	-2664.34015
1.46E14	-2575.73021
1.465E14	-2526.24093
1.47E14	-2566.06078
1.475E14	-2538.93981
1.48E14	-2535.63545
1.485E14	-2602.3003
1.49E14	-2370.85365
1.495E14	-2334.12839
1.5E14	-2249.72688